# This file was produced by samtools stats (1.18+htslib-1.18) and can be plotted using plot-bamstats
# This file contains statistics for all reads.
# The command line was:  stats -@ 15 /scratch/njb42996/atac/teosinte/processed_bams/TIL11_TB_S3.bam
# CHK, Checksum	[2]Read Names	[3]Sequences	[4]Qualities
# CHK, CRC32 of reads which passed filtering followed by addition (32bit overflow)
CHK	8a9ff909	8e738dd3	766ab796
# Summary Numbers. Use `grep ^SN | cut -f 2-` to extract this part.
SN	raw total sequences:	299180352	# excluding supplementary and secondary reads
SN	filtered sequences:	0
SN	sequences:	299180352
SN	is sorted:	0
SN	1st fragments:	149590176
SN	last fragments:	149590176
SN	reads mapped:	296484631
SN	reads mapped and paired:	296098780	# paired-end technology bit set + both mates mapped
SN	reads unmapped:	2695721
SN	reads properly paired:	279709064	# proper-pair bit set
SN	reads paired:	299180352	# paired-end technology bit set
SN	reads duplicated:	0	# PCR or optical duplicate bit set
SN	reads MQ0:	89480894	# mapped and MQ=0
SN	reads QC failed:	0
SN	non-primary alignments:	13281140
SN	supplementary alignments:	0
SN	total length:	43621702198	# ignores clipping
SN	total first fragment length:	21261622971	# ignores clipping
SN	total last fragment length:	22360079227	# ignores clipping
SN	bases mapped:	43249199050	# ignores clipping
SN	bases mapped (cigar):	36350793841	# more accurate
SN	bases trimmed:	0
SN	bases duplicated:	0
SN	mismatches:	37403661	# from NM fields
SN	error rate:	1.028964e-03	# mismatches / bases mapped (cigar)
SN	average length:	146
SN	average first fragment length:	142
SN	average last fragment length:	149
SN	maximum length:	151
SN	maximum first fragment length:	151
SN	maximum last fragment length:	151
SN	average quality:	39.2
SN	insert size average:	216.9
SN	insert size standard deviation:	144.2
SN	inward oriented pairs:	106436079
SN	outward oriented pairs:	33972435
SN	pairs with other orientation:	737648
SN	pairs on different chromosomes:	6903228
SN	percentage of properly paired reads (%):	93.5
# First Fragment Qualities. Use `grep ^FFQ | cut -f 2-` to extract this part.
# Columns correspond to qualities and rows to cycles. First column is the cycle number.
FFQ	1	0	0	0	0	0	0	0	0	0	1899564	0	0	0	0	0	0	0	0	0	0	0	0	0	0	10101824	0	0	0	0	0	0	0	0	0	0	0	0	0	0	0	137588788	0
FFQ	2	0	0	26229	0	0	0	0	0	0	2145731	0	0	0	0	0	0	0	0	0	0	0	0	0	0	12285999	0	0	0	0	0	0	0	0	0	0	0	0	0	0	0	135132217	0
FFQ	3	0	0	48720	0	0	0	0	0	0	910017	0	0	0	0	0	0	0	0	0	0	0	0	0	0	6141958	0	0	0	0	0	0	0	0	0	0	0	0	0	0	0	142489481	0
FFQ	4	0	0	50931	0	0	0	0	0	0	1020807	0	0	0	0	0	0	0	0	0	0	0	0	0	0	7130407	0	0	0	0	0	0	0	0	0	0	0	0	0	0	0	141388031	0
FFQ	5	0	0	0	0	0	0	0	0	0	1533456	0	0	0	0	0	0	0	0	0	0	0	0	0	0	9352940	0	0	0	0	0	0	0	0	0	0	0	0	0	0	0	138703780	0
FFQ	6	0	0	29814	0	0	0	0	0	0	1296061	0	0	0	0	0	0	0	0	0	0	0	0	0	0	7528102	0	0	0	0	0	0	0	0	0	0	0	0	0	0	0	140736199	0
FFQ	7	0	0	918	0	0	0	0	0	0	985437	0	0	0	0	0	0	0	0	0	0	0	0	0	0	6797086	0	0	0	0	0	0	0	0	0	0	0	0	0	0	0	141806735	0
FFQ	8	0	0	420	0	0	0	0	0	0	794827	0	0	0	0	0	0	0	0	0	0	0	0	0	0	5534965	0	0	0	0	0	0	0	0	0	0	0	0	0	0	0	143259964	0
FFQ	9	0	0	2417	0	0	0	0	0	0	365609	0	0	0	0	0	0	0	0	0	0	0	0	0	0	3558197	0	0	0	0	0	0	0	0	0	0	0	0	0	0	0	145663953	0
FFQ	10	0	0	0	0	0	0	0	0	0	575386	0	0	0	0	0	0	0	0	0	0	0	0	0	0	4799098	0	0	0	0	0	0	0	0	0	0	0	0	0	0	0	144215692	0
FFQ	11	0	0	112	0	0	0	0	0	0	542900	0	0	0	0	0	0	0	0	0	0	0	0	0	0	4525276	0	0	0	0	0	0	0	0	0	0	0	0	0	0	0	144521888	0
FFQ	12	0	0	0	0	0	0	0	0	0	570515	0	0	0	0	0	0	0	0	0	0	0	0	0	0	4992201	0	0	0	0	0	0	0	0	0	0	0	0	0	0	0	144027460	0
FFQ	13	0	0	0	0	0	0	0	0	0	471173	0	0	0	0	0	0	0	0	0	0	0	0	0	0	4517862	0	0	0	0	0	0	0	0	0	0	0	0	0	0	0	144601141	0
FFQ	14	0	0	0	0	0	0	0	0	0	342120	0	0	0	0	0	0	0	0	0	0	0	0	0	0	3650749	0	0	0	0	0	0	0	0	0	0	0	0	0	0	0	145597307	0
FFQ	15	0	0	0	0	0	0	0	0	0	477461	0	0	0	0	0	0	0	0	0	0	0	0	0	0	4426740	0	0	0	0	0	0	0	0	0	0	0	0	0	0	0	144685975	0
FFQ	16	0	0	0	0	0	0	0	0	0	448144	0	0	0	0	0	0	0	0	0	0	0	0	0	0	4382253	0	0	0	0	0	0	0	0	0	0	0	0	0	0	0	144759779	0
FFQ	17	0	0	0	0	0	0	0	0	0	479042	0	0	0	0	0	0	0	0	0	0	0	0	0	0	5022377	0	0	0	0	0	0	0	0	0	0	0	0	0	0	0	144088757	0
FFQ	18	0	0	111230	0	0	0	0	0	0	482178	0	0	0	0	0	0	0	0	0	0	0	0	0	0	4486922	0	0	0	0	0	0	0	0	0	0	0	0	0	0	0	144509846	0
FFQ	19	0	0	5117	0	0	0	0	0	0	465918	0	0	0	0	0	0	0	0	0	0	0	0	0	0	4589757	0	0	0	0	0	0	0	0	0	0	0	0	0	0	0	144529384	0
FFQ	20	0	0	0	0	0	0	0	0	0	461236	0	0	0	0	0	0	0	0	0	0	0	0	0	0	4583817	0	0	0	0	0	0	0	0	0	0	0	0	0	0	0	144545123	0
FFQ	21	0	0	504	0	0	0	0	0	0	359091	0	0	0	0	0	0	0	0	0	0	0	0	0	0	3718988	0	0	0	0	0	0	0	0	0	0	0	0	0	0	0	145511593	0
FFQ	22	0	0	0	0	0	0	0	0	0	449707	0	0	0	0	0	0	0	0	0	0	0	0	0	0	4270926	0	0	0	0	0	0	0	0	0	0	0	0	0	0	0	144869543	0
FFQ	23	0	0	0	0	0	0	0	0	0	449324	0	0	0	0	0	0	0	0	0	0	0	0	0	0	4437057	0	0	0	0	0	0	0	0	0	0	0	0	0	0	0	144703795	0
FFQ	24	0	0	0	0	0	0	0	0	0	411282	0	0	0	0	0	0	0	0	0	0	0	0	0	0	3979457	0	0	0	0	0	0	0	0	0	0	0	0	0	0	0	145199437	0
FFQ	25	0	0	0	0	0	0	0	0	0	449700	0	0	0	0	0	0	0	0	0	0	0	0	0	0	4113571	0	0	0	0	0	0	0	0	0	0	0	0	0	0	0	145026905	0
FFQ	26	0	0	0	0	0	0	0	0	0	611402	0	0	0	0	0	0	0	0	0	0	0	0	0	0	4082601	0	0	0	0	0	0	0	0	0	0	0	0	0	0	0	144896173	0
FFQ	27	0	0	0	0	0	0	0	0	0	550666	0	0	0	0	0	0	0	0	0	0	0	0	0	0	3772086	0	0	0	0	0	0	0	0	0	0	0	0	0	0	0	145267424	0
FFQ	28	0	0	49	0	0	0	0	0	0	689929	0	0	0	0	0	0	0	0	0	0	0	0	0	0	4270709	0	0	0	0	0	0	0	0	0	0	0	0	0	0	0	144629489	0
FFQ	29	0	0	1612	0	0	0	0	0	0	576851	0	0	0	0	0	0	0	0	0	0	0	0	0	0	3741112	0	0	0	0	0	0	0	0	0	0	0	0	0	0	0	145270601	0
FFQ	30	0	0	0	0	0	0	0	0	0	619391	0	0	0	0	0	0	0	0	0	0	0	0	0	0	3847501	0	0	0	0	0	0	0	0	0	0	0	0	0	0	0	145123284	0
FFQ	31	0	0	0	0	0	0	0	0	0	557695	0	0	0	0	0	0	0	0	0	0	0	0	0	0	3595102	0	0	0	0	0	0	0	0	0	0	0	0	0	0	0	145424656	0
FFQ	32	0	0	61	0	0	0	0	0	0	552270	0	0	0	0	0	0	0	0	0	0	0	0	0	0	3469493	0	0	0	0	0	0	0	0	0	0	0	0	0	0	0	145542742	0
FFQ	33	0	0	3663	0	0	0	0	0	0	564532	0	0	0	0	0	0	0	0	0	0	0	0	0	0	3597868	0	0	0	0	0	0	0	0	0	0	0	0	0	0	0	145385386	0
FFQ	34	0	0	116	0	0	0	0	0	0	569372	0	0	0	0	0	0	0	0	0	0	0	0	0	0	3586814	0	0	0	0	0	0	0	0	0	0	0	0	0	0	0	145381922	0
FFQ	35	0	0	0	0	0	0	0	0	0	490105	0	0	0	0	0	0	0	0	0	0	0	0	0	0	3303889	0	0	0	0	0	0	0	0	0	0	0	0	0	0	0	145731484	0
FFQ	36	0	0	15	0	0	0	0	0	0	601831	0	0	0	0	0	0	0	0	0	0	0	0	0	0	3789832	0	0	0	0	0	0	0	0	0	0	0	0	0	0	0	145119382	0
FFQ	37	0	0	31	0	0	0	0	0	0	542374	0	0	0	0	0	0	0	0	0	0	0	0	0	0	3380686	0	0	0	0	0	0	0	0	0	0	0	0	0	0	0	145573966	0
FFQ	38	0	0	0	0	0	0	0	0	0	560545	0	0	0	0	0	0	0	0	0	0	0	0	0	0	3488081	0	0	0	0	0	0	0	0	0	0	0	0	0	0	0	145434242	0
FFQ	39	0	0	13	0	0	0	0	0	0	619863	0	0	0	0	0	0	0	0	0	0	0	0	0	0	3665089	0	0	0	0	0	0	0	0	0	0	0	0	0	0	0	145182943	0
FFQ	40	0	0	14	0	0	0	0	0	0	562724	0	0	0	0	0	0	0	0	0	0	0	0	0	0	3500627	0	0	0	0	0	0	0	0	0	0	0	0	0	0	0	145390021	0
FFQ	41	0	0	0	0	0	0	0	0	0	553937	0	0	0	0	0	0	0	0	0	0	0	0	0	0	3523500	0	0	0	0	0	0	0	0	0	0	0	0	0	0	0	145361264	0
FFQ	42	0	0	40	0	0	0	0	0	0	550335	0	0	0	0	0	0	0	0	0	0	0	0	0	0	3433242	0	0	0	0	0	0	0	0	0	0	0	0	0	0	0	145440297	0
FFQ	43	0	0	1100	0	0	0	0	0	0	563086	0	0	0	0	0	0	0	0	0	0	0	0	0	0	3460233	0	0	0	0	0	0	0	0	0	0	0	0	0	0	0	145384391	0
FFQ	44	0	0	0	0	0	0	0	0	0	611900	0	0	0	0	0	0	0	0	0	0	0	0	0	0	3551559	0	0	0	0	0	0	0	0	0	0	0	0	0	0	0	145230773	0
FFQ	45	0	0	174	0	0	0	0	0	0	594504	0	0	0	0	0	0	0	0	0	0	0	0	0	0	3461085	0	0	0	0	0	0	0	0	0	0	0	0	0	0	0	145324379	0
FFQ	46	0	0	0	0	0	0	0	0	0	614166	0	0	0	0	0	0	0	0	0	0	0	0	0	0	3560809	0	0	0	0	0	0	0	0	0	0	0	0	0	0	0	145190832	0
FFQ	47	0	0	9393	0	0	0	0	0	0	606082	0	0	0	0	0	0	0	0	0	0	0	0	0	0	3484823	0	0	0	0	0	0	0	0	0	0	0	0	0	0	0	145249240	0
FFQ	48	0	0	0	0	0	0	0	0	0	751227	0	0	0	0	0	0	0	0	0	0	0	0	0	0	4170303	0	0	0	0	0	0	0	0	0	0	0	0	0	0	0	144412485	0
FFQ	49	0	0	0	0	0	0	0	0	0	525584	0	0	0	0	0	0	0	0	0	0	0	0	0	0	3256309	0	0	0	0	0	0	0	0	0	0	0	0	0	0	0	145535852	0
FFQ	50	0	0	143	0	0	0	0	0	0	730113	0	0	0	0	0	0	0	0	0	0	0	0	0	0	4223390	0	0	0	0	0	0	0	0	0	0	0	0	0	0	0	144344754	0
FFQ	51	0	0	7594	0	0	0	0	0	0	755317	0	0	0	0	0	0	0	0	0	0	0	0	0	0	4079224	0	0	0	0	0	0	0	0	0	0	0	0	0	0	0	144437052	0
FFQ	52	0	0	0	0	0	0	0	0	0	803085	0	0	0	0	0	0	0	0	0	0	0	0	0	0	4266629	0	0	0	0	0	0	0	0	0	0	0	0	0	0	0	144189310	0
FFQ	53	0	0	689	0	0	0	0	0	0	711559	0	0	0	0	0	0	0	0	0	0	0	0	0	0	3922802	0	0	0	0	0	0	0	0	0	0	0	0	0	0	0	144604894	0
FFQ	54	0	0	0	0	0	0	0	0	0	962530	0	0	0	0	0	0	0	0	0	0	0	0	0	0	4958872	0	0	0	0	0	0	0	0	0	0	0	0	0	0	0	143298787	0
FFQ	55	0	0	0	0	0	0	0	0	0	680704	0	0	0	0	0	0	0	0	0	0	0	0	0	0	3995657	0	0	0	0	0	0	0	0	0	0	0	0	0	0	0	144526367	0
FFQ	56	0	0	26	0	0	0	0	0	0	789369	0	0	0	0	0	0	0	0	0	0	0	0	0	0	4336686	0	0	0	0	0	0	0	0	0	0	0	0	0	0	0	144055959	0
FFQ	57	0	0	263	0	0	0	0	0	0	655235	0	0	0	0	0	0	0	0	0	0	0	0	0	0	3699288	0	0	0	0	0	0	0	0	0	0	0	0	0	0	0	144807911	0
FFQ	58	0	0	16675	0	0	0	0	0	0	665991	0	0	0	0	0	0	0	0	0	0	0	0	0	0	4002392	0	0	0	0	0	0	0	0	0	0	0	0	0	0	0	144459355	0
FFQ	59	0	0	956	0	0	0	0	0	0	638970	0	0	0	0	0	0	0	0	0	0	0	0	0	0	3792382	0	0	0	0	0	0	0	0	0	0	0	0	0	0	0	144692196	0
FFQ	60	0	0	4390	0	0	0	0	0	0	604483	0	0	0	0	0	0	0	0	0	0	0	0	0	0	3583286	0	0	0	0	0	0	0	0	0	0	0	0	0	0	0	144913772	0
FFQ	61	0	0	12814	0	0	0	0	0	0	619671	0	0	0	0	0	0	0	0	0	0	0	0	0	0	3764154	0	0	0	0	0	0	0	0	0	0	0	0	0	0	0	144690560	0
FFQ	62	0	0	393	0	0	0	0	0	0	580548	0	0	0	0	0	0	0	0	0	0	0	0	0	0	3518602	0	0	0	0	0	0	0	0	0	0	0	0	0	0	0	144968643	0
FFQ	63	0	0	231	0	0	0	0	0	0	692905	0	0	0	0	0	0	0	0	0	0	0	0	0	0	3867684	0	0	0	0	0	0	0	0	0	0	0	0	0	0	0	144487822	0
FFQ	64	0	0	7508	0	0	0	0	0	0	616890	0	0	0	0	0	0	0	0	0	0	0	0	0	0	3634863	0	0	0	0	0	0	0	0	0	0	0	0	0	0	0	144771595	0
FFQ	65	0	0	747	0	0	0	0	0	0	599086	0	0	0	0	0	0	0	0	0	0	0	0	0	0	3515884	0	0	0	0	0	0	0	0	0	0	0	0	0	0	0	144896346	0
FFQ	66	0	0	40309	0	0	0	0	0	0	573522	0	0	0	0	0	0	0	0	0	0	0	0	0	0	3406071	0	0	0	0	0	0	0	0	0	0	0	0	0	0	0	144973693	0
FFQ	67	0	0	0	0	0	0	0	0	0	660425	0	0	0	0	0	0	0	0	0	0	0	0	0	0	3758273	0	0	0	0	0	0	0	0	0	0	0	0	0	0	0	144555915	0
FFQ	68	0	0	0	0	0	0	0	0	0	697280	0	0	0	0	0	0	0	0	0	0	0	0	0	0	3908336	0	0	0	0	0	0	0	0	0	0	0	0	0	0	0	144350953	0
FFQ	69	0	0	0	0	0	0	0	0	0	703767	0	0	0	0	0	0	0	0	0	0	0	0	0	0	3831350	0	0	0	0	0	0	0	0	0	0	0	0	0	0	0	144402280	0
FFQ	70	0	0	524	0	0	0	0	0	0	693126	0	0	0	0	0	0	0	0	0	0	0	0	0	0	3779846	0	0	0	0	0	0	0	0	0	0	0	0	0	0	0	144445582	0
FFQ	71	0	0	2057	0	0	0	0	0	0	700081	0	0	0	0	0	0	0	0	0	0	0	0	0	0	3786953	0	0	0	0	0	0	0	0	0	0	0	0	0	0	0	144411738	0
FFQ	72	0	0	0	0	0	0	0	0	0	763882	0	0	0	0	0	0	0	0	0	0	0	0	0	0	3933630	0	0	0	0	0	0	0	0	0	0	0	0	0	0	0	144185578	0
FFQ	73	0	0	0	0	0	0	0	0	0	777530	0	0	0	0	0	0	0	0	0	0	0	0	0	0	3988710	0	0	0	0	0	0	0	0	0	0	0	0	0	0	0	144099012	0
FFQ	74	0	0	474	0	0	0	0	0	0	694838	0	0	0	0	0	0	0	0	0	0	0	0	0	0	3902499	0	0	0	0	0	0	0	0	0	0	0	0	0	0	0	144250418	0
FFQ	75	0	0	0	0	0	0	0	0	0	650147	0	0	0	0	0	0	0	0	0	0	0	0	0	0	3526628	0	0	0	0	0	0	0	0	0	0	0	0	0	0	0	144653922	0
FFQ	76	0	0	2	0	0	0	0	0	0	676239	0	0	0	0	0	0	0	0	0	0	0	0	0	0	3520079	0	0	0	0	0	0	0	0	0	0	0	0	0	0	0	144615503	0
FFQ	77	0	0	377	0	0	0	0	0	0	747699	0	0	0	0	0	0	0	0	0	0	0	0	0	0	3760553	0	0	0	0	0	0	0	0	0	0	0	0	0	0	0	144281363	0
FFQ	78	0	0	27	0	0	0	0	0	0	791310	0	0	0	0	0	0	0	0	0	0	0	0	0	0	3850743	0	0	0	0	0	0	0	0	0	0	0	0	0	0	0	144124094	0
FFQ	79	0	0	65	0	0	0	0	0	0	804967	0	0	0	0	0	0	0	0	0	0	0	0	0	0	3865607	0	0	0	0	0	0	0	0	0	0	0	0	0	0	0	144067974	0
FFQ	80	0	0	0	0	0	0	0	0	0	887846	0	0	0	0	0	0	0	0	0	0	0	0	0	0	4160709	0	0	0	0	0	0	0	0	0	0	0	0	0	0	0	143654865	0
FFQ	81	0	0	2480	0	0	0	0	0	0	937458	0	0	0	0	0	0	0	0	0	0	0	0	0	0	4344343	0	0	0	0	0	0	0	0	0	0	0	0	0	0	0	143372295	0
FFQ	82	0	0	7040	0	0	0	0	0	0	1014838	0	0	0	0	0	0	0	0	0	0	0	0	0	0	4526396	0	0	0	0	0	0	0	0	0	0	0	0	0	0	0	143045540	0
FFQ	83	0	0	0	0	0	0	0	0	0	1127104	0	0	0	0	0	0	0	0	0	0	0	0	0	0	4810232	0	0	0	0	0	0	0	0	0	0	0	0	0	0	0	142578105	0
FFQ	84	0	0	1210	0	0	0	0	0	0	1175016	0	0	0	0	0	0	0	0	0	0	0	0	0	0	4828655	0	0	0	0	0	0	0	0	0	0	0	0	0	0	0	142399602	0
FFQ	85	0	0	0	0	0	0	0	0	0	1332070	0	0	0	0	0	0	0	0	0	0	0	0	0	0	5033411	0	0	0	0	0	0	0	0	0	0	0	0	0	0	0	141874979	0
FFQ	86	0	0	0	0	0	0	0	0	0	1485389	0	0	0	0	0	0	0	0	0	0	0	0	0	0	5216141	0	0	0	0	0	0	0	0	0	0	0	0	0	0	0	141328339	0
FFQ	87	0	0	0	0	0	0	0	0	0	1602451	0	0	0	0	0	0	0	0	0	0	0	0	0	0	5390555	0	0	0	0	0	0	0	0	0	0	0	0	0	0	0	140756334	0
FFQ	88	0	0	0	0	0	0	0	0	0	1733633	0	0	0	0	0	0	0	0	0	0	0	0	0	0	5684733	0	0	0	0	0	0	0	0	0	0	0	0	0	0	0	139967701	0
FFQ	89	0	0	0	0	0	0	0	0	0	1866099	0	0	0	0	0	0	0	0	0	0	0	0	0	0	5762125	0	0	0	0	0	0	0	0	0	0	0	0	0	0	0	139328526	0
FFQ	90	0	0	2323	0	0	0	0	0	0	1968132	0	0	0	0	0	0	0	0	0	0	0	0	0	0	5892162	0	0	0	0	0	0	0	0	0	0	0	0	0	0	0	138599556	0
FFQ	91	0	0	1359	0	0	0	0	0	0	2106537	0	0	0	0	0	0	0	0	0	0	0	0	0	0	6032746	0	0	0	0	0	0	0	0	0	0	0	0	0	0	0	137770595	0
FFQ	92	0	0	2924	0	0	0	0	0	0	2198612	0	0	0	0	0	0	0	0	0	0	0	0	0	0	6107917	0	0	0	0	0	0	0	0	0	0	0	0	0	0	0	137000226	0
FFQ	93	0	0	49	0	0	0	0	0	0	2278167	0	0	0	0	0	0	0	0	0	0	0	0	0	0	6253402	0	0	0	0	0	0	0	0	0	0	0	0	0	0	0	136156217	0
FFQ	94	0	0	211	0	0	0	0	0	0	2302738	0	0	0	0	0	0	0	0	0	0	0	0	0	0	6154728	0	0	0	0	0	0	0	0	0	0	0	0	0	0	0	135583482	0
FFQ	95	0	0	0	0	0	0	0	0	0	2279086	0	0	0	0	0	0	0	0	0	0	0	0	0	0	6095028	0	0	0	0	0	0	0	0	0	0	0	0	0	0	0	135004337	0
FFQ	96	0	0	0	0	0	0	0	0	0	2267382	0	0	0	0	0	0	0	0	0	0	0	0	0	0	6077963	0	0	0	0	0	0	0	0	0	0	0	0	0	0	0	134393444	0
FFQ	97	0	0	725	0	0	0	0	0	0	2288021	0	0	0	0	0	0	0	0	0	0	0	0	0	0	6039948	0	0	0	0	0	0	0	0	0	0	0	0	0	0	0	133778493	0
FFQ	98	0	0	3793	0	0	0	0	0	0	2357695	0	0	0	0	0	0	0	0	0	0	0	0	0	0	6132236	0	0	0	0	0	0	0	0	0	0	0	0	0	0	0	132992272	0
FFQ	99	0	0	383	0	0	0	0	0	0	2423395	0	0	0	0	0	0	0	0	0	0	0	0	0	0	6110151	0	0	0	0	0	0	0	0	0	0	0	0	0	0	0	132354769	0
FFQ	100	0	0	0	0	0	0	0	0	0	2507257	0	0	0	0	0	0	0	0	0	0	0	0	0	0	6211037	0	0	0	0	0	0	0	0	0	0	0	0	0	0	0	131576195	0
FFQ	101	0	0	0	0	0	0	0	0	0	2586975	0	0	0	0	0	0	0	0	0	0	0	0	0	0	6255645	0	0	0	0	0	0	0	0	0	0	0	0	0	0	0	130857847	0
FFQ	102	0	0	0	0	0	0	0	0	0	2700746	0	0	0	0	0	0	0	0	0	0	0	0	0	0	6184744	0	0	0	0	0	0	0	0	0	0	0	0	0	0	0	130204755	0
FFQ	103	0	0	0	0	0	0	0	0	0	2897488	0	0	0	0	0	0	0	0	0	0	0	0	0	0	6294046	0	0	0	0	0	0	0	0	0	0	0	0	0	0	0	129280205	0
FFQ	104	0	0	370	0	0	0	0	0	0	2981742	0	0	0	0	0	0	0	0	0	0	0	0	0	0	6207534	0	0	0	0	0	0	0	0	0	0	0	0	0	0	0	128654055	0
FFQ	105	0	0	0	0	0	0	0	0	0	3043235	0	0	0	0	0	0	0	0	0	0	0	0	0	0	6248452	0	0	0	0	0	0	0	0	0	0	0	0	0	0	0	127914650	0
FFQ	106	0	0	0	0	0	0	0	0	0	3111418	0	0	0	0	0	0	0	0	0	0	0	0	0	0	6349635	0	0	0	0	0	0	0	0	0	0	0	0	0	0	0	127116844	0
FFQ	107	0	0	61	0	0	0	0	0	0	3041121	0	0	0	0	0	0	0	0	0	0	0	0	0	0	6226695	0	0	0	0	0	0	0	0	0	0	0	0	0	0	0	126701979	0
FFQ	108	0	0	0	0	0	0	0	0	0	3059383	0	0	0	0	0	0	0	0	0	0	0	0	0	0	6362667	0	0	0	0	0	0	0	0	0	0	0	0	0	0	0	125938501	0
FFQ	109	0	0	74	0	0	0	0	0	0	3069532	0	0	0	0	0	0	0	0	0	0	0	0	0	0	6348072	0	0	0	0	0	0	0	0	0	0	0	0	0	0	0	125339060	0
FFQ	110	0	0	6173	0	0	0	0	0	0	3085205	0	0	0	0	0	0	0	0	0	0	0	0	0	0	6379281	0	0	0	0	0	0	0	0	0	0	0	0	0	0	0	124706131	0
FFQ	111	0	0	0	0	0	0	0	0	0	3147034	0	0	0	0	0	0	0	0	0	0	0	0	0	0	6551633	0	0	0	0	0	0	0	0	0	0	0	0	0	0	0	123906653	0
FFQ	112	0	0	155	0	0	0	0	0	0	3121594	0	0	0	0	0	0	0	0	0	0	0	0	0	0	6464282	0	0	0	0	0	0	0	0	0	0	0	0	0	0	0	123444007	0
FFQ	113	0	0	3135	0	0	0	0	0	0	3114047	0	0	0	0	0	0	0	0	0	0	0	0	0	0	6554014	0	0	0	0	0	0	0	0	0	0	0	0	0	0	0	122770148	0
FFQ	114	0	0	23154	0	0	0	0	0	0	3171853	0	0	0	0	0	0	0	0	0	0	0	0	0	0	6657845	0	0	0	0	0	0	0	0	0	0	0	0	0	0	0	121970275	0
FFQ	115	0	0	0	0	0	0	0	0	0	3114627	0	0	0	0	0	0	0	0	0	0	0	0	0	0	6472052	0	0	0	0	0	0	0	0	0	0	0	0	0	0	0	121617683	0
FFQ	116	0	0	0	0	0	0	0	0	0	3114313	0	0	0	0	0	0	0	0	0	0	0	0	0	0	6511888	0	0	0	0	0	0	0	0	0	0	0	0	0	0	0	120970549	0
FFQ	117	0	0	5402	0	0	0	0	0	0	3041539	0	0	0	0	0	0	0	0	0	0	0	0	0	0	6458584	0	0	0	0	0	0	0	0	0	0	0	0	0	0	0	120498932	0
FFQ	118	0	0	0	0	0	0	0	0	0	2962276	0	0	0	0	0	0	0	0	0	0	0	0	0	0	6352948	0	0	0	0	0	0	0	0	0	0	0	0	0	0	0	120114822	0
FFQ	119	0	0	0	0	0	0	0	0	0	2983368	0	0	0	0	0	0	0	0	0	0	0	0	0	0	6442484	0	0	0	0	0	0	0	0	0	0	0	0	0	0	0	119437065	0
FFQ	120	0	0	0	0	0	0	0	0	0	2948672	0	0	0	0	0	0	0	0	0	0	0	0	0	0	6430116	0	0	0	0	0	0	0	0	0	0	0	0	0	0	0	118931494	0
FFQ	121	0	0	1216	0	0	0	0	0	0	2929848	0	0	0	0	0	0	0	0	0	0	0	0	0	0	6458827	0	0	0	0	0	0	0	0	0	0	0	0	0	0	0	118379289	0
FFQ	122	0	0	3881	0	0	0	0	0	0	2979612	0	0	0	0	0	0	0	0	0	0	0	0	0	0	6626714	0	0	0	0	0	0	0	0	0	0	0	0	0	0	0	117629124	0
FFQ	123	0	0	0	0	0	0	0	0	0	2932880	0	0	0	0	0	0	0	0	0	0	0	0	0	0	6618141	0	0	0	0	0	0	0	0	0	0	0	0	0	0	0	117161936	0
FFQ	124	0	0	0	0	0	0	0	0	0	2921809	0	0	0	0	0	0	0	0	0	0	0	0	0	0	6622244	0	0	0	0	0	0	0	0	0	0	0	0	0	0	0	116630687	0
FFQ	125	0	0	0	0	0	0	0	0	0	2961687	0	0	0	0	0	0	0	0	0	0	0	0	0	0	6707522	0	0	0	0	0	0	0	0	0	0	0	0	0	0	0	115967998	0
FFQ	126	0	0	38	0	0	0	0	0	0	2982636	0	0	0	0	0	0	0	0	0	0	0	0	0	0	6685066	0	0	0	0	0	0	0	0	0	0	0	0	0	0	0	115431081	0
FFQ	127	0	0	0	0	0	0	0	0	0	2905587	0	0	0	0	0	0	0	0	0	0	0	0	0	0	6512947	0	0	0	0	0	0	0	0	0	0	0	0	0	0	0	115151125	0
FFQ	128	0	0	0	0	0	0	0	0	0	2872776	0	0	0	0	0	0	0	0	0	0	0	0	0	0	6569779	0	0	0	0	0	0	0	0	0	0	0	0	0	0	0	114608873	0
FFQ	129	0	0	0	0	0	0	0	0	0	2793156	0	0	0	0	0	0	0	0	0	0	0	0	0	0	6400541	0	0	0	0	0	0	0	0	0	0	0	0	0	0	0	114359421	0
FFQ	130	0	0	29893	0	0	0	0	0	0	2818391	0	0	0	0	0	0	0	0	0	0	0	0	0	0	6496653	0	0	0	0	0	0	0	0	0	0	0	0	0	0	0	113722804	0
FFQ	131	0	0	0	0	0	0	0	0	0	2831082	0	0	0	0	0	0	0	0	0	0	0	0	0	0	6601668	0	0	0	0	0	0	0	0	0	0	0	0	0	0	0	113157926	0
FFQ	132	0	0	0	0	0	0	0	0	0	2796050	0	0	0	0	0	0	0	0	0	0	0	0	0	0	6581941	0	0	0	0	0	0	0	0	0	0	0	0	0	0	0	112745575	0
FFQ	133	0	0	51	0	0	0	0	0	0	2831598	0	0	0	0	0	0	0	0	0	0	0	0	0	0	6755215	0	0	0	0	0	0	0	0	0	0	0	0	0	0	0	112062609	0
FFQ	134	0	0	5307	0	0	0	0	0	0	2807944	0	0	0	0	0	0	0	0	0	0	0	0	0	0	6747195	0	0	0	0	0	0	0	0	0	0	0	0	0	0	0	111615317	0
FFQ	135	0	0	0	0	0	0	0	0	0	2793725	0	0	0	0	0	0	0	0	0	0	0	0	0	0	6746742	0	0	0	0	0	0	0	0	0	0	0	0	0	0	0	111151302	0
FFQ	136	0	0	3962	0	0	0	0	0	0	2774621	0	0	0	0	0	0	0	0	0	0	0	0	0	0	6684647	0	0	0	0	0	0	0	0	0	0	0	0	0	0	0	110739378	0
FFQ	137	0	0	6434	0	0	0	0	0	0	2746519	0	0	0	0	0	0	0	0	0	0	0	0	0	0	6613929	0	0	0	0	0	0	0	0	0	0	0	0	0	0	0	110352579	0
FFQ	138	0	0	1403	0	0	0	0	0	0	2770730	0	0	0	0	0	0	0	0	0	0	0	0	0	0	6677625	0	0	0	0	0	0	0	0	0	0	0	0	0	0	0	109792156	0
FFQ	139	0	0	4610	0	0	0	0	0	0	2728399	0	0	0	0	0	0	0	0	0	0	0	0	0	0	6581025	0	0	0	0	0	0	0	0	0	0	0	0	0	0	0	109464380	0
FFQ	140	0	0	28	0	0	0	0	0	0	2680362	0	0	0	0	0	0	0	0	0	0	0	0	0	0	6588072	0	0	0	0	0	0	0	0	0	0	0	0	0	0	0	109055510	0
FFQ	141	0	0	0	0	0	0	0	0	0	2670115	0	0	0	0	0	0	0	0	0	0	0	0	0	0	6689613	0	0	0	0	0	0	0	0	0	0	0	0	0	0	0	108513081	0
FFQ	142	0	0	0	0	0	0	0	0	0	2641055	0	0	0	0	0	0	0	0	0	0	0	0	0	0	6693894	0	0	0	0	0	0	0	0	0	0	0	0	0	0	0	108092312	0
FFQ	143	0	0	910	0	0	0	0	0	0	2651743	0	0	0	0	0	0	0	0	0	0	0	0	0	0	6885688	0	0	0	0	0	0	0	0	0	0	0	0	0	0	0	107448205	0
FFQ	144	0	0	813	0	0	0	0	0	0	2632921	0	0	0	0	0	0	0	0	0	0	0	0	0	0	6866053	0	0	0	0	0	0	0	0	0	0	0	0	0	0	0	107048426	0
FFQ	145	0	0	1043	0	0	0	0	0	0	2623885	0	0	0	0	0	0	0	0	0	0	0	0	0	0	6900456	0	0	0	0	0	0	0	0	0	0	0	0	0	0	0	106581743	0
FFQ	146	0	0	34084	0	0	0	0	0	0	2660290	0	0	0	0	0	0	0	0	0	0	0	0	0	0	6982529	0	0	0	0	0	0	0	0	0	0	0	0	0	0	0	105979045	0
FFQ	147	0	0	0	0	0	0	0	0	0	2622086	0	0	0	0	0	0	0	0	0	0	0	0	0	0	6901495	0	0	0	0	0	0	0	0	0	0	0	0	0	0	0	105686966	0
FFQ	148	0	0	8667	0	0	0	0	0	0	2649192	0	0	0	0	0	0	0	0	0	0	0	0	0	0	6982084	0	0	0	0	0	0	0	0	0	0	0	0	0	0	0	105121128	0
FFQ	149	0	0	345	0	0	0	0	0	0	2595031	0	0	0	0	0	0	0	0	0	0	0	0	0	0	6817308	0	0	0	0	0	0	0	0	0	0	0	0	0	0	0	104904808	0
FFQ	150	0	0	52	0	0	0	0	0	0	2119382	0	0	0	0	0	0	0	0	0	0	0	0	0	0	6935586	0	0	0	0	0	0	0	0	0	0	0	0	0	0	0	104370960	0
FFQ	151	0	0	0	0	0	0	0	0	0	0	0	0	0	0	0	0	0	0	0	0	0	0	0	0	11085204	0	0	0	0	0	0	0	0	0	0	0	0	0	0	0	98878511	0
# Last Fragment Qualities. Use `grep ^LFQ | cut -f 2-` to extract this part.
# Columns correspond to qualities and rows to cycles. First column is the cycle number.
LFQ	1	0	0	0	0	0	0	0	0	0	3089905	0	0	0	0	0	0	0	0	0	0	0	0	0	0	9632432	0	0	0	0	0	0	0	0	0	0	0	0	0	0	0	136867839	0
LFQ	2	0	0	110182	0	0	0	0	0	0	3271418	0	0	0	0	0	0	0	0	0	0	0	0	0	0	10952093	0	0	0	0	0	0	0	0	0	0	0	0	0	0	0	135256483	0
LFQ	3	0	0	4182	0	0	0	0	0	0	2431632	0	0	0	0	0	0	0	0	0	0	0	0	0	0	8847547	0	0	0	0	0	0	0	0	0	0	0	0	0	0	0	138306815	0
LFQ	4	0	0	1532	0	0	0	0	0	0	2364899	0	0	0	0	0	0	0	0	0	0	0	0	0	0	9230133	0	0	0	0	0	0	0	0	0	0	0	0	0	0	0	137993612	0
LFQ	5	0	0	887	0	0	0	0	0	0	1403962	0	0	0	0	0	0	0	0	0	0	0	0	0	0	6600967	0	0	0	0	0	0	0	0	0	0	0	0	0	0	0	141584360	0
LFQ	6	0	0	2	0	0	0	0	0	0	923342	0	0	0	0	0	0	0	0	0	0	0	0	0	0	4772804	0	0	0	0	0	0	0	0	0	0	0	0	0	0	0	143894028	0
LFQ	7	0	0	61249	0	0	0	0	0	0	970711	0	0	0	0	0	0	0	0	0	0	0	0	0	0	4920873	0	0	0	0	0	0	0	0	0	0	0	0	0	0	0	143637343	0
LFQ	8	0	0	9106	0	0	0	0	0	0	1052670	0	0	0	0	0	0	0	0	0	0	0	0	0	0	5273431	0	0	0	0	0	0	0	0	0	0	0	0	0	0	0	143254969	0
LFQ	9	0	0	714	0	0	0	0	0	0	847466	0	0	0	0	0	0	0	0	0	0	0	0	0	0	5070389	0	0	0	0	0	0	0	0	0	0	0	0	0	0	0	143671607	0
LFQ	10	0	0	11	0	0	0	0	0	0	1001577	0	0	0	0	0	0	0	0	0	0	0	0	0	0	5184621	0	0	0	0	0	0	0	0	0	0	0	0	0	0	0	143403967	0
LFQ	11	0	0	1769	0	0	0	0	0	0	716789	0	0	0	0	0	0	0	0	0	0	0	0	0	0	4080836	0	0	0	0	0	0	0	0	0	0	0	0	0	0	0	144790782	0
LFQ	12	0	0	962	0	0	0	0	0	0	891133	0	0	0	0	0	0	0	0	0	0	0	0	0	0	4630817	0	0	0	0	0	0	0	0	0	0	0	0	0	0	0	144067264	0
LFQ	13	0	0	0	0	0	0	0	0	0	598970	0	0	0	0	0	0	0	0	0	0	0	0	0	0	3733341	0	0	0	0	0	0	0	0	0	0	0	0	0	0	0	145257865	0
LFQ	14	0	0	0	0	0	0	0	0	0	788349	0	0	0	0	0	0	0	0	0	0	0	0	0	0	4515408	0	0	0	0	0	0	0	0	0	0	0	0	0	0	0	144286419	0
LFQ	15	0	0	0	0	0	0	0	0	0	767542	0	0	0	0	0	0	0	0	0	0	0	0	0	0	4219420	0	0	0	0	0	0	0	0	0	0	0	0	0	0	0	144603214	0
LFQ	16	0	0	0	0	0	0	0	0	0	804556	0	0	0	0	0	0	0	0	0	0	0	0	0	0	4418176	0	0	0	0	0	0	0	0	0	0	0	0	0	0	0	144367444	0
LFQ	17	0	0	0	0	0	0	0	0	0	829512	0	0	0	0	0	0	0	0	0	0	0	0	0	0	4455870	0	0	0	0	0	0	0	0	0	0	0	0	0	0	0	144304794	0
LFQ	18	0	0	2768	0	0	0	0	0	0	845663	0	0	0	0	0	0	0	0	0	0	0	0	0	0	4491558	0	0	0	0	0	0	0	0	0	0	0	0	0	0	0	144250187	0
LFQ	19	0	0	2099	0	0	0	0	0	0	846284	0	0	0	0	0	0	0	0	0	0	0	0	0	0	4495672	0	0	0	0	0	0	0	0	0	0	0	0	0	0	0	144246121	0
LFQ	20	0	0	322	0	0	0	0	0	0	778772	0	0	0	0	0	0	0	0	0	0	0	0	0	0	4238775	0	0	0	0	0	0	0	0	0	0	0	0	0	0	0	144572307	0
LFQ	21	0	0	107	0	0	0	0	0	0	758243	0	0	0	0	0	0	0	0	0	0	0	0	0	0	4225395	0	0	0	0	0	0	0	0	0	0	0	0	0	0	0	144606431	0
LFQ	22	0	0	2531	0	0	0	0	0	0	765389	0	0	0	0	0	0	0	0	0	0	0	0	0	0	4191311	0	0	0	0	0	0	0	0	0	0	0	0	0	0	0	144630945	0
LFQ	23	0	0	0	0	0	0	0	0	0	745898	0	0	0	0	0	0	0	0	0	0	0	0	0	0	4067205	0	0	0	0	0	0	0	0	0	0	0	0	0	0	0	144777073	0
LFQ	24	0	0	0	0	0	0	0	0	0	702504	0	0	0	0	0	0	0	0	0	0	0	0	0	0	3971451	0	0	0	0	0	0	0	0	0	0	0	0	0	0	0	144916221	0
LFQ	25	0	0	9091	0	0	0	0	0	0	735678	0	0	0	0	0	0	0	0	0	0	0	0	0	0	4078335	0	0	0	0	0	0	0	0	0	0	0	0	0	0	0	144767072	0
LFQ	26	0	0	12766	0	0	0	0	0	0	827753	0	0	0	0	0	0	0	0	0	0	0	0	0	0	4349480	0	0	0	0	0	0	0	0	0	0	0	0	0	0	0	144400177	0
LFQ	27	0	0	365	0	0	0	0	0	0	687398	0	0	0	0	0	0	0	0	0	0	0	0	0	0	4006023	0	0	0	0	0	0	0	0	0	0	0	0	0	0	0	144896390	0
LFQ	28	0	0	0	0	0	0	0	0	0	729787	0	0	0	0	0	0	0	0	0	0	0	0	0	0	4132243	0	0	0	0	0	0	0	0	0	0	0	0	0	0	0	144728146	0
LFQ	29	0	0	123850	0	0	0	0	0	0	774482	0	0	0	0	0	0	0	0	0	0	0	0	0	0	4157973	0	0	0	0	0	0	0	0	0	0	0	0	0	0	0	144533871	0
LFQ	30	0	0	48	0	0	0	0	0	0	707310	0	0	0	0	0	0	0	0	0	0	0	0	0	0	3990908	0	0	0	0	0	0	0	0	0	0	0	0	0	0	0	144891910	0
LFQ	31	0	0	123431	0	0	0	0	0	0	684433	0	0	0	0	0	0	0	0	0	0	0	0	0	0	3862498	0	0	0	0	0	0	0	0	0	0	0	0	0	0	0	144886287	0
LFQ	32	0	0	0	0	0	0	0	0	0	708986	0	0	0	0	0	0	0	0	0	0	0	0	0	0	3924694	0	0	0	0	0	0	0	0	0	0	0	0	0	0	0	144890813	0
LFQ	33	0	0	0	0	0	0	0	0	0	748894	0	0	0	0	0	0	0	0	0	0	0	0	0	0	4050163	0	0	0	0	0	0	0	0	0	0	0	0	0	0	0	144693787	0
LFQ	34	0	0	4	0	0	0	0	0	0	732512	0	0	0	0	0	0	0	0	0	0	0	0	0	0	4006749	0	0	0	0	0	0	0	0	0	0	0	0	0	0	0	144721343	0
LFQ	35	0	0	0	0	0	0	0	0	0	749350	0	0	0	0	0	0	0	0	0	0	0	0	0	0	4013520	0	0	0	0	0	0	0	0	0	0	0	0	0	0	0	144664073	0
LFQ	36	0	0	0	0	0	0	0	0	0	775361	0	0	0	0	0	0	0	0	0	0	0	0	0	0	4117541	0	0	0	0	0	0	0	0	0	0	0	0	0	0	0	144500463	0
LFQ	37	0	0	2779	0	0	0	0	0	0	830268	0	0	0	0	0	0	0	0	0	0	0	0	0	0	4259132	0	0	0	0	0	0	0	0	0	0	0	0	0	0	0	144267541	0
LFQ	38	0	0	1421	0	0	0	0	0	0	805660	0	0	0	0	0	0	0	0	0	0	0	0	0	0	4211612	0	0	0	0	0	0	0	0	0	0	0	0	0	0	0	144307232	0
LFQ	39	0	0	167	0	0	0	0	0	0	771229	0	0	0	0	0	0	0	0	0	0	0	0	0	0	4115033	0	0	0	0	0	0	0	0	0	0	0	0	0	0	0	144405878	0
LFQ	40	0	0	9314	0	0	0	0	0	0	801717	0	0	0	0	0	0	0	0	0	0	0	0	0	0	4196166	0	0	0	0	0	0	0	0	0	0	0	0	0	0	0	144251414	0
LFQ	41	0	0	3267	0	0	0	0	0	0	813901	0	0	0	0	0	0	0	0	0	0	0	0	0	0	4212092	0	0	0	0	0	0	0	0	0	0	0	0	0	0	0	144196697	0
LFQ	42	0	0	2844	0	0	0	0	0	0	756673	0	0	0	0	0	0	0	0	0	0	0	0	0	0	4013211	0	0	0	0	0	0	0	0	0	0	0	0	0	0	0	144422470	0
LFQ	43	0	0	12712	0	0	0	0	0	0	717513	0	0	0	0	0	0	0	0	0	0	0	0	0	0	3916814	0	0	0	0	0	0	0	0	0	0	0	0	0	0	0	144517706	0
LFQ	44	0	0	1793	0	0	0	0	0	0	755867	0	0	0	0	0	0	0	0	0	0	0	0	0	0	4082235	0	0	0	0	0	0	0	0	0	0	0	0	0	0	0	144295179	0
LFQ	45	0	0	15205	0	0	0	0	0	0	730657	0	0	0	0	0	0	0	0	0	0	0	0	0	0	3986913	0	0	0	0	0	0	0	0	0	0	0	0	0	0	0	144373628	0
LFQ	46	0	0	1634	0	0	0	0	0	0	720512	0	0	0	0	0	0	0	0	0	0	0	0	0	0	3997898	0	0	0	0	0	0	0	0	0	0	0	0	0	0	0	144358126	0
LFQ	47	0	0	0	0	0	0	0	0	0	710295	0	0	0	0	0	0	0	0	0	0	0	0	0	0	3962725	0	0	0	0	0	0	0	0	0	0	0	0	0	0	0	144377623	0
LFQ	48	0	0	0	0	0	0	0	0	0	711126	0	0	0	0	0	0	0	0	0	0	0	0	0	0	3978882	0	0	0	0	0	0	0	0	0	0	0	0	0	0	0	144333963	0
LFQ	49	0	0	0	0	0	0	0	0	0	682709	0	0	0	0	0	0	0	0	0	0	0	0	0	0	3873133	0	0	0	0	0	0	0	0	0	0	0	0	0	0	0	144441122	0
LFQ	50	0	0	0	0	0	0	0	0	0	694150	0	0	0	0	0	0	0	0	0	0	0	0	0	0	3896741	0	0	0	0	0	0	0	0	0	0	0	0	0	0	0	144378170	0
LFQ	51	0	0	0	0	0	0	0	0	0	712283	0	0	0	0	0	0	0	0	0	0	0	0	0	0	3945351	0	0	0	0	0	0	0	0	0	0	0	0	0	0	0	144282772	0
LFQ	52	0	0	1136	0	0	0	0	0	0	798683	0	0	0	0	0	0	0	0	0	0	0	0	0	0	4254693	0	0	0	0	0	0	0	0	0	0	0	0	0	0	0	143855952	0
LFQ	53	0	0	10784	0	0	0	0	0	0	824784	0	0	0	0	0	0	0	0	0	0	0	0	0	0	4271088	0	0	0	0	0	0	0	0	0	0	0	0	0	0	0	143773910	0
LFQ	54	0	0	1440	0	0	0	0	0	0	745138	0	0	0	0	0	0	0	0	0	0	0	0	0	0	4028254	0	0	0	0	0	0	0	0	0	0	0	0	0	0	0	144076402	0
LFQ	55	0	0	380	0	0	0	0	0	0	719202	0	0	0	0	0	0	0	0	0	0	0	0	0	0	3961136	0	0	0	0	0	0	0	0	0	0	0	0	0	0	0	144141128	0
LFQ	56	0	0	70	0	0	0	0	0	0	763137	0	0	0	0	0	0	0	0	0	0	0	0	0	0	4140491	0	0	0	0	0	0	0	0	0	0	0	0	0	0	0	143889616	0
LFQ	57	0	0	1649	0	0	0	0	0	0	755124	0	0	0	0	0	0	0	0	0	0	0	0	0	0	4103362	0	0	0	0	0	0	0	0	0	0	0	0	0	0	0	143905554	0
LFQ	58	0	0	204	0	0	0	0	0	0	708993	0	0	0	0	0	0	0	0	0	0	0	0	0	0	3954976	0	0	0	0	0	0	0	0	0	0	0	0	0	0	0	144073856	0
LFQ	59	0	0	12705	0	0	0	0	0	0	730660	0	0	0	0	0	0	0	0	0	0	0	0	0	0	4051762	0	0	0	0	0	0	0	0	0	0	0	0	0	0	0	143915225	0
LFQ	60	0	0	6304	0	0	0	0	0	0	785755	0	0	0	0	0	0	0	0	0	0	0	0	0	0	4224330	0	0	0	0	0	0	0	0	0	0	0	0	0	0	0	143666443	0
LFQ	61	0	0	1058	0	0	0	0	0	0	755716	0	0	0	0	0	0	0	0	0	0	0	0	0	0	4120784	0	0	0	0	0	0	0	0	0	0	0	0	0	0	0	143778858	0
LFQ	62	0	0	107	0	0	0	0	0	0	705078	0	0	0	0	0	0	0	0	0	0	0	0	0	0	3952930	0	0	0	0	0	0	0	0	0	0	0	0	0	0	0	143971919	0
LFQ	63	0	0	0	0	0	0	0	0	0	720098	0	0	0	0	0	0	0	0	0	0	0	0	0	0	3990166	0	0	0	0	0	0	0	0	0	0	0	0	0	0	0	143892745	0
LFQ	64	0	0	926	0	0	0	0	0	0	740838	0	0	0	0	0	0	0	0	0	0	0	0	0	0	4042898	0	0	0	0	0	0	0	0	0	0	0	0	0	0	0	143792207	0
LFQ	65	0	0	60	0	0	0	0	0	0	713183	0	0	0	0	0	0	0	0	0	0	0	0	0	0	3986933	0	0	0	0	0	0	0	0	0	0	0	0	0	0	0	143850570	0
LFQ	66	0	0	0	0	0	0	0	0	0	695361	0	0	0	0	0	0	0	0	0	0	0	0	0	0	3914145	0	0	0	0	0	0	0	0	0	0	0	0	0	0	0	143914275	0
LFQ	67	0	0	0	0	0	0	0	0	0	734353	0	0	0	0	0	0	0	0	0	0	0	0	0	0	4077080	0	0	0	0	0	0	0	0	0	0	0	0	0	0	0	143685710	0
LFQ	68	0	0	2047	0	0	0	0	0	0	781872	0	0	0	0	0	0	0	0	0	0	0	0	0	0	4227658	0	0	0	0	0	0	0	0	0	0	0	0	0	0	0	143458492	0
LFQ	69	0	0	108	0	0	0	0	0	0	743416	0	0	0	0	0	0	0	0	0	0	0	0	0	0	4104063	0	0	0	0	0	0	0	0	0	0	0	0	0	0	0	143595341	0
LFQ	70	0	0	4646	0	0	0	0	0	0	744931	0	0	0	0	0	0	0	0	0	0	0	0	0	0	4102307	0	0	0	0	0	0	0	0	0	0	0	0	0	0	0	143563448	0
LFQ	71	0	0	13135	0	0	0	0	0	0	793092	0	0	0	0	0	0	0	0	0	0	0	0	0	0	4265251	0	0	0	0	0	0	0	0	0	0	0	0	0	0	0	143315688	0
LFQ	72	0	0	5261	0	0	0	0	0	0	774346	0	0	0	0	0	0	0	0	0	0	0	0	0	0	4212212	0	0	0	0	0	0	0	0	0	0	0	0	0	0	0	143367478	0
LFQ	73	0	0	2898	0	0	0	0	0	0	765864	0	0	0	0	0	0	0	0	0	0	0	0	0	0	4147634	0	0	0	0	0	0	0	0	0	0	0	0	0	0	0	143414949	0
LFQ	74	0	0	5312	0	0	0	0	0	0	750492	0	0	0	0	0	0	0	0	0	0	0	0	0	0	4116327	0	0	0	0	0	0	0	0	0	0	0	0	0	0	0	143430764	0
LFQ	75	0	0	12160	0	0	0	0	0	0	778790	0	0	0	0	0	0	0	0	0	0	0	0	0	0	4239157	0	0	0	0	0	0	0	0	0	0	0	0	0	0	0	143244862	0
LFQ	76	0	0	635	0	0	0	0	0	0	817262	0	0	0	0	0	0	0	0	0	0	0	0	0	0	4395749	0	0	0	0	0	0	0	0	0	0	0	0	0	0	0	143033499	0
LFQ	77	0	0	0	0	0	0	0	0	0	751625	0	0	0	0	0	0	0	0	0	0	0	0	0	0	4181579	0	0	0	0	0	0	0	0	0	0	0	0	0	0	0	143286741	0
LFQ	78	0	0	7	0	0	0	0	0	0	739006	0	0	0	0	0	0	0	0	0	0	0	0	0	0	4142682	0	0	0	0	0	0	0	0	0	0	0	0	0	0	0	143310866	0
LFQ	79	0	0	7170	0	0	0	0	0	0	776076	0	0	0	0	0	0	0	0	0	0	0	0	0	0	4249242	0	0	0	0	0	0	0	0	0	0	0	0	0	0	0	143133051	0
LFQ	80	0	0	1610	0	0	0	0	0	0	783107	0	0	0	0	0	0	0	0	0	0	0	0	0	0	4302849	0	0	0	0	0	0	0	0	0	0	0	0	0	0	0	143051939	0
LFQ	81	0	0	0	0	0	0	0	0	0	749733	0	0	0	0	0	0	0	0	0	0	0	0	0	0	4195109	0	0	0	0	0	0	0	0	0	0	0	0	0	0	0	143169117	0
LFQ	82	0	0	299	0	0	0	0	0	0	753173	0	0	0	0	0	0	0	0	0	0	0	0	0	0	4195902	0	0	0	0	0	0	0	0	0	0	0	0	0	0	0	143138392	0
LFQ	83	0	0	0	0	0	0	0	0	0	783176	0	0	0	0	0	0	0	0	0	0	0	0	0	0	4314052	0	0	0	0	0	0	0	0	0	0	0	0	0	0	0	142964599	0
LFQ	84	0	0	2789	0	0	0	0	0	0	801603	0	0	0	0	0	0	0	0	0	0	0	0	0	0	4374158	0	0	0	0	0	0	0	0	0	0	0	0	0	0	0	142857355	0
LFQ	85	0	0	0	0	0	0	0	0	0	776785	0	0	0	0	0	0	0	0	0	0	0	0	0	0	4261724	0	0	0	0	0	0	0	0	0	0	0	0	0	0	0	142971316	0
LFQ	86	0	0	7	0	0	0	0	0	0	783158	0	0	0	0	0	0	0	0	0	0	0	0	0	0	4270875	0	0	0	0	0	0	0	0	0	0	0	0	0	0	0	142929118	0
LFQ	87	0	0	40629	0	0	0	0	0	0	836037	0	0	0	0	0	0	0	0	0	0	0	0	0	0	4449555	0	0	0	0	0	0	0	0	0	0	0	0	0	0	0	142630098	0
LFQ	88	0	0	3468	0	0	0	0	0	0	841945	0	0	0	0	0	0	0	0	0	0	0	0	0	0	4473631	0	0	0	0	0	0	0	0	0	0	0	0	0	0	0	142610553	0
LFQ	89	0	0	1	0	0	0	0	0	0	805114	0	0	0	0	0	0	0	0	0	0	0	0	0	0	4351296	0	0	0	0	0	0	0	0	0	0	0	0	0	0	0	142745924	0
LFQ	90	0	0	40028	0	0	0	0	0	0	845881	0	0	0	0	0	0	0	0	0	0	0	0	0	0	4472388	0	0	0	0	0	0	0	0	0	0	0	0	0	0	0	142516747	0
LFQ	91	0	0	4895	0	0	0	0	0	0	885475	0	0	0	0	0	0	0	0	0	0	0	0	0	0	4625552	0	0	0	0	0	0	0	0	0	0	0	0	0	0	0	142332104	0
LFQ	92	0	0	678	0	0	0	0	0	0	868417	0	0	0	0	0	0	0	0	0	0	0	0	0	0	4581873	0	0	0	0	0	0	0	0	0	0	0	0	0	0	0	142370321	0
LFQ	93	0	0	205	0	0	0	0	0	0	869177	0	0	0	0	0	0	0	0	0	0	0	0	0	0	4569397	0	0	0	0	0	0	0	0	0	0	0	0	0	0	0	142355396	0
LFQ	94	0	0	49	0	0	0	0	0	0	880548	0	0	0	0	0	0	0	0	0	0	0	0	0	0	4664288	0	0	0	0	0	0	0	0	0	0	0	0	0	0	0	142221592	0
LFQ	95	0	0	151	0	0	0	0	0	0	906999	0	0	0	0	0	0	0	0	0	0	0	0	0	0	4796653	0	0	0	0	0	0	0	0	0	0	0	0	0	0	0	142034560	0
LFQ	96	0	0	0	0	0	0	0	0	0	906344	0	0	0	0	0	0	0	0	0	0	0	0	0	0	4803507	0	0	0	0	0	0	0	0	0	0	0	0	0	0	0	141999859	0
LFQ	97	0	0	47	0	0	0	0	0	0	929174	0	0	0	0	0	0	0	0	0	0	0	0	0	0	4909287	0	0	0	0	0	0	0	0	0	0	0	0	0	0	0	141842235	0
LFQ	98	0	0	10791	0	0	0	0	0	0	989208	0	0	0	0	0	0	0	0	0	0	0	0	0	0	5087004	0	0	0	0	0	0	0	0	0	0	0	0	0	0	0	141564129	0
LFQ	99	0	0	2683	0	0	0	0	0	0	1014018	0	0	0	0	0	0	0	0	0	0	0	0	0	0	5216807	0	0	0	0	0	0	0	0	0	0	0	0	0	0	0	141387933	0
LFQ	100	0	0	2131	0	0	0	0	0	0	999759	0	0	0	0	0	0	0	0	0	0	0	0	0	0	5170037	0	0	0	0	0	0	0	0	0	0	0	0	0	0	0	141419646	0
LFQ	101	0	0	580	0	0	0	0	0	0	1012942	0	0	0	0	0	0	0	0	0	0	0	0	0	0	5206931	0	0	0	0	0	0	0	0	0	0	0	0	0	0	0	141340385	0
LFQ	102	0	0	0	0	0	0	0	0	0	1044740	0	0	0	0	0	0	0	0	0	0	0	0	0	0	5342098	0	0	0	0	0	0	0	0	0	0	0	0	0	0	0	141143171	0
LFQ	103	0	0	2676	0	0	0	0	0	0	1077102	0	0	0	0	0	0	0	0	0	0	0	0	0	0	5433940	0	0	0	0	0	0	0	0	0	0	0	0	0	0	0	140985477	0
LFQ	104	0	0	1196	0	0	0	0	0	0	1078526	0	0	0	0	0	0	0	0	0	0	0	0	0	0	5391121	0	0	0	0	0	0	0	0	0	0	0	0	0	0	0	140997023	0
LFQ	105	0	0	6428	0	0	0	0	0	0	1086506	0	0	0	0	0	0	0	0	0	0	0	0	0	0	5418533	0	0	0	0	0	0	0	0	0	0	0	0	0	0	0	140924862	0
LFQ	106	0	0	9999	0	0	0	0	0	0	1107521	0	0	0	0	0	0	0	0	0	0	0	0	0	0	5490131	0	0	0	0	0	0	0	0	0	0	0	0	0	0	0	140796442	0
LFQ	107	0	0	5874	0	0	0	0	0	0	1114619	0	0	0	0	0	0	0	0	0	0	0	0	0	0	5537113	0	0	0	0	0	0	0	0	0	0	0	0	0	0	0	140714023	0
LFQ	108	0	0	245	0	0	0	0	0	0	1081221	0	0	0	0	0	0	0	0	0	0	0	0	0	0	5375266	0	0	0	0	0	0	0	0	0	0	0	0	0	0	0	140881657	0
LFQ	109	0	0	2	0	0	0	0	0	0	1117291	0	0	0	0	0	0	0	0	0	0	0	0	0	0	5455936	0	0	0	0	0	0	0	0	0	0	0	0	0	0	0	140730386	0
LFQ	110	0	0	71369	0	0	0	0	0	0	1201199	0	0	0	0	0	0	0	0	0	0	0	0	0	0	5701324	0	0	0	0	0	0	0	0	0	0	0	0	0	0	0	140293016	0
LFQ	111	0	0	57437	0	0	0	0	0	0	1207465	0	0	0	0	0	0	0	0	0	0	0	0	0	0	5658891	0	0	0	0	0	0	0	0	0	0	0	0	0	0	0	140305096	0
LFQ	112	0	0	28477	0	0	0	0	0	0	1340513	0	0	0	0	0	0	0	0	0	0	0	0	0	0	5913380	0	0	0	0	0	0	0	0	0	0	0	0	0	0	0	139906292	0
LFQ	113	0	0	0	0	0	0	0	0	0	1398893	0	0	0	0	0	0	0	0	0	0	0	0	0	0	5977463	0	0	0	0	0	0	0	0	0	0	0	0	0	0	0	139770653	0
LFQ	114	0	0	0	0	0	0	0	0	0	1408612	0	0	0	0	0	0	0	0	0	0	0	0	0	0	5999444	0	0	0	0	0	0	0	0	0	0	0	0	0	0	0	139695585	0
LFQ	115	0	0	7	0	0	0	0	0	0	1519132	0	0	0	0	0	0	0	0	0	0	0	0	0	0	6162060	0	0	0	0	0	0	0	0	0	0	0	0	0	0	0	139376769	0
LFQ	116	0	0	3072	0	0	0	0	0	0	1616106	0	0	0	0	0	0	0	0	0	0	0	0	0	0	6387015	0	0	0	0	0	0	0	0	0	0	0	0	0	0	0	139006107	0
LFQ	117	0	0	0	0	0	0	0	0	0	1554339	0	0	0	0	0	0	0	0	0	0	0	0	0	0	6190117	0	0	0	0	0	0	0	0	0	0	0	0	0	0	0	139221441	0
LFQ	118	0	0	126137	0	0	0	0	0	0	1588948	0	0	0	0	0	0	0	0	0	0	0	0	0	0	6185103	0	0	0	0	0	0	0	0	0	0	0	0	0	0	0	139018545	0
LFQ	119	0	0	411	0	0	0	0	0	0	1670770	0	0	0	0	0	0	0	0	0	0	0	0	0	0	6382271	0	0	0	0	0	0	0	0	0	0	0	0	0	0	0	138819150	0
LFQ	120	0	0	27	0	0	0	0	0	0	1563981	0	0	0	0	0	0	0	0	0	0	0	0	0	0	6054056	0	0	0	0	0	0	0	0	0	0	0	0	0	0	0	139209801	0
LFQ	121	0	0	228	0	0	0	0	0	0	1540858	0	0	0	0	0	0	0	0	0	0	0	0	0	0	6015189	0	0	0	0	0	0	0	0	0	0	0	0	0	0	0	139227016	0
LFQ	122	0	0	5864	0	0	0	0	0	0	1563966	0	0	0	0	0	0	0	0	0	0	0	0	0	0	6169410	0	0	0	0	0	0	0	0	0	0	0	0	0	0	0	139000208	0
LFQ	123	0	0	4097	0	0	0	0	0	0	1479285	0	0	0	0	0	0	0	0	0	0	0	0	0	0	5990446	0	0	0	0	0	0	0	0	0	0	0	0	0	0	0	139222108	0
LFQ	124	0	0	48	0	0	0	0	0	0	1465022	0	0	0	0	0	0	0	0	0	0	0	0	0	0	5934620	0	0	0	0	0	0	0	0	0	0	0	0	0	0	0	139252262	0
LFQ	125	0	0	48	0	0	0	0	0	0	1507440	0	0	0	0	0	0	0	0	0	0	0	0	0	0	6131288	0	0	0	0	0	0	0	0	0	0	0	0	0	0	0	138968991	0
LFQ	126	0	0	1434	0	0	0	0	0	0	1502776	0	0	0	0	0	0	0	0	0	0	0	0	0	0	6121059	0	0	0	0	0	0	0	0	0	0	0	0	0	0	0	138938810	0
LFQ	127	0	0	188	0	0	0	0	0	0	1472102	0	0	0	0	0	0	0	0	0	0	0	0	0	0	6044869	0	0	0	0	0	0	0	0	0	0	0	0	0	0	0	139003220	0
LFQ	128	0	0	2	0	0	0	0	0	0	1511000	0	0	0	0	0	0	0	0	0	0	0	0	0	0	6155754	0	0	0	0	0	0	0	0	0	0	0	0	0	0	0	138811153	0
LFQ	129	0	0	0	0	0	0	0	0	0	1493936	0	0	0	0	0	0	0	0	0	0	0	0	0	0	5998661	0	0	0	0	0	0	0	0	0	0	0	0	0	0	0	138943841	0
LFQ	130	0	0	0	0	0	0	0	0	0	1478060	0	0	0	0	0	0	0	0	0	0	0	0	0	0	5904074	0	0	0	0	0	0	0	0	0	0	0	0	0	0	0	139013060	0
LFQ	131	0	0	1236	0	0	0	0	0	0	1510916	0	0	0	0	0	0	0	0	0	0	0	0	0	0	6061130	0	0	0	0	0	0	0	0	0	0	0	0	0	0	0	138782358	0
LFQ	132	0	0	0	0	0	0	0	0	0	1355277	0	0	0	0	0	0	0	0	0	0	0	0	0	0	5658686	0	0	0	0	0	0	0	0	0	0	0	0	0	0	0	139303361	0
LFQ	133	0	0	0	0	0	0	0	0	0	1358008	0	0	0	0	0	0	0	0	0	0	0	0	0	0	5740838	0	0	0	0	0	0	0	0	0	0	0	0	0	0	0	139180165	0
LFQ	134	0	0	2133	0	0	0	0	0	0	1391598	0	0	0	0	0	0	0	0	0	0	0	0	0	0	5890967	0	0	0	0	0	0	0	0	0	0	0	0	0	0	0	138956751	0
LFQ	135	0	0	129236	0	0	0	0	0	0	1347704	0	0	0	0	0	0	0	0	0	0	0	0	0	0	5749265	0	0	0	0	0	0	0	0	0	0	0	0	0	0	0	138977281	0
LFQ	136	0	0	64959	0	0	0	0	0	0	1334714	0	0	0	0	0	0	0	0	0	0	0	0	0	0	5762816	0	0	0	0	0	0	0	0	0	0	0	0	0	0	0	139003309	0
LFQ	137	0	0	1244	0	0	0	0	0	0	1356556	0	0	0	0	0	0	0	0	0	0	0	0	0	0	5848641	0	0	0	0	0	0	0	0	0	0	0	0	0	0	0	138922546	0
LFQ	138	0	0	78	0	0	0	0	0	0	1309118	0	0	0	0	0	0	0	0	0	0	0	0	0	0	5711442	0	0	0	0	0	0	0	0	0	0	0	0	0	0	0	139071963	0
LFQ	139	0	0	6	0	0	0	0	0	0	1341368	0	0	0	0	0	0	0	0	0	0	0	0	0	0	5780053	0	0	0	0	0	0	0	0	0	0	0	0	0	0	0	138935255	0
LFQ	140	0	0	3173	0	0	0	0	0	0	1335036	0	0	0	0	0	0	0	0	0	0	0	0	0	0	5700234	0	0	0	0	0	0	0	0	0	0	0	0	0	0	0	138982520	0
LFQ	141	0	0	116	0	0	0	0	0	0	1302938	0	0	0	0	0	0	0	0	0	0	0	0	0	0	5626875	0	0	0	0	0	0	0	0	0	0	0	0	0	0	0	139056026	0
LFQ	142	0	0	0	0	0	0	0	0	0	1321649	0	0	0	0	0	0	0	0	0	0	0	0	0	0	5747227	0	0	0	0	0	0	0	0	0	0	0	0	0	0	0	138882259	0
LFQ	143	0	0	5	0	0	0	0	0	0	1220328	0	0	0	0	0	0	0	0	0	0	0	0	0	0	5467254	0	0	0	0	0	0	0	0	0	0	0	0	0	0	0	139229765	0
LFQ	144	0	0	361	0	0	0	0	0	0	1257415	0	0	0	0	0	0	0	0	0	0	0	0	0	0	5603780	0	0	0	0	0	0	0	0	0	0	0	0	0	0	0	139021684	0
LFQ	145	0	0	463	0	0	0	0	0	0	1220750	0	0	0	0	0	0	0	0	0	0	0	0	0	0	5537422	0	0	0	0	0	0	0	0	0	0	0	0	0	0	0	139091303	0
LFQ	146	0	0	10616	0	0	0	0	0	0	1198419	0	0	0	0	0	0	0	0	0	0	0	0	0	0	5484038	0	0	0	0	0	0	0	0	0	0	0	0	0	0	0	139122947	0
LFQ	147	0	0	2374	0	0	0	0	0	0	1275188	0	0	0	0	0	0	0	0	0	0	0	0	0	0	5759510	0	0	0	0	0	0	0	0	0	0	0	0	0	0	0	138745248	0
LFQ	148	0	0	16	0	0	0	0	0	0	1194157	0	0	0	0	0	0	0	0	0	0	0	0	0	0	5512483	0	0	0	0	0	0	0	0	0	0	0	0	0	0	0	139042492	0
LFQ	149	0	0	298	0	0	0	0	0	0	1217481	0	0	0	0	0	0	0	0	0	0	0	0	0	0	5568264	0	0	0	0	0	0	0	0	0	0	0	0	0	0	0	138922250	0
LFQ	150	0	0	17	0	0	0	0	0	0	1112108	0	0	0	0	0	0	0	0	0	0	0	0	0	0	5518346	0	0	0	0	0	0	0	0	0	0	0	0	0	0	0	138934603	0
LFQ	151	0	0	0	0	0	0	0	0	0	0	0	0	0	0	0	0	0	0	0	0	0	0	0	0	8204426	0	0	0	0	0	0	0	0	0	0	0	0	0	0	0	135426534	0
# GC Content of first fragments. Use `grep ^GCF | cut -f 2-` to extract this part.
GCF	0.50	1
GCF	1.76	2
GCF	2.76	5
GCF	3.27	7
GCF	3.77	6
GCF	4.52	8
GCF	5.53	6
GCF	6.53	5
GCF	7.29	7
GCF	7.79	11
GCF	8.29	19
GCF	8.79	26
GCF	9.30	30
GCF	9.80	54
GCF	10.30	53
GCF	10.80	69
GCF	11.31	111
GCF	11.81	108
GCF	12.31	115
GCF	12.81	203
GCF	13.32	200
GCF	13.82	284
GCF	14.32	400
GCF	14.82	414
GCF	15.33	773
GCF	15.83	1036
GCF	16.33	1295
GCF	16.83	1345
GCF	17.34	2176
GCF	17.84	3142
GCF	18.34	4512
GCF	18.84	4598
GCF	19.35	6597
GCF	19.85	9955
GCF	20.35	13384
GCF	20.85	13585
GCF	21.36	17972
GCF	21.86	24446
GCF	22.36	32190
GCF	22.86	32548
GCF	23.37	42632
GCF	23.87	53799
GCF	24.37	66344
GCF	24.87	67045
GCF	25.38	83936
GCF	25.88	105651
GCF	26.38	136236
GCF	26.88	137302
GCF	27.39	171003
GCF	27.89	210390
GCF	28.39	259818
GCF	28.89	324913
GCF	29.40	327245
GCF	29.90	403509
GCF	30.40	486649
GCF	30.90	586197
GCF	31.41	590771
GCF	31.91	699420
GCF	32.41	805546
GCF	32.91	939609
GCF	33.42	949055
GCF	33.92	1087578
GCF	34.42	1218616
GCF	34.92	1341930
GCF	35.43	1360407
GCF	35.93	1495018
GCF	36.43	1642658
GCF	36.93	1790490
GCF	37.44	1828483
GCF	37.94	2030555
GCF	38.44	2248094
GCF	38.94	2452972
GCF	39.45	2516564
GCF	39.95	2709774
GCF	40.45	2909034
GCF	40.95	3131560
GCF	41.46	3218671
GCF	41.96	3431579
GCF	42.46	3593230
GCF	42.96	3748163
GCF	43.47	3893917
GCF	43.97	3999557
GCF	44.47	4093988
GCF	44.97	4180281
GCF	45.48	4244225
GCF	45.98	4324093
GCF	46.48	4356994
GCF	46.98	4366464
GCF	47.49	4311618
GCF	47.99	4352427
GCF	48.49	4281236
GCF	48.99	4219983
GCF	49.50	4157177
GCF	50.00	4167275
GCF	50.50	4089830
GCF	51.01	3991412
GCF	51.51	3898669
GCF	52.01	3871474
GCF	52.51	3799988
GCF	53.02	3730757
GCF	53.52	3654607
GCF	54.02	3623907
GCF	54.52	3551155
GCF	55.03	3481376
GCF	55.53	3413180
GCF	56.03	3367867
GCF	56.53	3293313
GCF	57.04	3223696
GCF	57.54	3155468
GCF	58.04	3081106
GCF	58.54	3009187
GCF	59.05	2933437
GCF	59.55	2832883
GCF	60.05	2739126
GCF	60.55	2651513
GCF	61.06	2543433
GCF	61.56	2409990
GCF	62.06	2274877
GCF	62.56	2193346
GCF	63.07	2057954
GCF	63.57	1902592
GCF	64.07	1749704
GCF	64.57	1695412
GCF	65.08	1547589
GCF	65.58	1410737
GCF	66.08	1287807
GCF	66.58	1260400
GCF	67.09	1134461
GCF	67.59	1016944
GCF	68.09	908459
GCF	68.59	896512
GCF	69.10	815086
GCF	69.60	735352
GCF	70.10	661701
GCF	70.60	655238
GCF	71.11	583465
GCF	71.61	511183
GCF	72.11	438072
GCF	72.61	362161
GCF	73.12	355167
GCF	73.62	290176
GCF	74.12	236084
GCF	74.62	194349
GCF	75.13	190088
GCF	75.63	157314
GCF	76.13	131997
GCF	76.63	105993
GCF	77.14	103607
GCF	77.64	82320
GCF	78.14	67955
GCF	78.64	55455
GCF	79.15	54373
GCF	79.65	39506
GCF	80.15	30316
GCF	80.65	23924
GCF	81.16	22993
GCF	81.66	17813
GCF	82.16	13766
GCF	82.66	11224
GCF	83.17	10518
GCF	83.67	8661
GCF	84.17	7458
GCF	84.67	6277
GCF	85.18	5772
GCF	85.68	5283
GCF	86.18	4724
GCF	86.68	4110
GCF	87.19	3730
GCF	87.69	3286
GCF	88.19	2960
GCF	88.69	2637
GCF	89.20	2470
GCF	89.70	2259
GCF	90.20	1858
GCF	90.70	1623
GCF	91.21	1405
GCF	91.71	1187
GCF	92.21	1032
GCF	92.71	894
GCF	93.22	754
GCF	93.72	558
GCF	94.22	428
GCF	94.72	356
GCF	95.23	298
GCF	95.73	280
GCF	96.23	277
GCF	96.73	193
GCF	97.24	175
GCF	97.74	168
GCF	98.24	174
GCF	98.74	212
GCF	99.50	227
# GC Content of last fragments. Use `grep ^GCL | cut -f 2-` to extract this part.
GCL	0.50	3
GCL	1.26	4
GCL	1.76	3
GCL	2.26	6
GCL	2.76	7
GCL	3.27	5
GCL	3.77	6
GCL	4.27	5
GCL	4.77	9
GCL	5.28	10
GCL	6.28	12
GCL	7.29	14
GCL	7.79	19
GCL	8.29	26
GCL	8.79	30
GCL	9.30	41
GCL	9.80	64
GCL	10.30	61
GCL	10.80	62
GCL	11.31	110
GCL	11.81	94
GCL	12.31	121
GCL	12.81	191
GCL	13.32	254
GCL	13.82	355
GCL	14.32	379
GCL	14.82	395
GCL	15.33	688
GCL	15.83	1010
GCL	16.33	1335
GCL	16.83	1403
GCL	17.34	2022
GCL	17.84	2948
GCL	18.34	4424
GCL	18.84	4547
GCL	19.35	6307
GCL	19.85	9443
GCL	20.35	12644
GCL	20.85	12840
GCL	21.36	17195
GCL	21.86	23075
GCL	22.36	31169
GCL	22.86	31462
GCL	23.37	41095
GCL	23.87	51999
GCL	24.37	63606
GCL	24.87	64350
GCL	25.38	80847
GCL	25.88	102028
GCL	26.38	133502
GCL	26.88	134415
GCL	27.39	166263
GCL	27.89	206476
GCL	28.39	254629
GCL	28.89	319125
GCL	29.40	320906
GCL	29.90	397305
GCL	30.40	477194
GCL	30.90	579574
GCL	31.41	582377
GCL	31.91	688187
GCL	32.41	795377
GCL	32.91	924355
GCL	33.42	928258
GCL	33.92	1068783
GCL	34.42	1191695
GCL	34.92	1312028
GCL	35.43	1315676
GCL	35.93	1442357
GCL	36.43	1576719
GCL	36.93	1712365
GCL	37.44	1717030
GCL	37.94	1900933
GCL	38.44	2096292
GCL	38.94	2289532
GCL	39.45	2295943
GCL	39.95	2461580
GCL	40.45	2636986
GCL	40.95	2840325
GCL	41.46	2848681
GCL	41.96	3031610
GCL	42.46	3145953
GCL	42.96	3263717
GCL	43.47	3367451
GCL	43.97	3375100
GCL	44.47	3441351
GCL	44.97	3506560
GCL	45.48	3533562
GCL	45.98	3537959
GCL	46.48	3563506
GCL	46.98	3536639
GCL	47.49	3475406
GCL	47.99	3477002
GCL	48.49	3418094
GCL	48.99	3355742
GCL	49.50	3322800
GCL	50.00	3323914
GCL	50.50	3270630
GCL	51.01	3215947
GCL	51.51	3185630
GCL	52.01	3184845
GCL	52.51	3177763
GCL	53.02	3170250
GCL	53.52	3157405
GCL	54.02	3154505
GCL	54.52	3161993
GCL	55.03	3164958
GCL	55.53	3168111
GCL	56.03	3165594
GCL	56.53	3174635
GCL	57.04	3177382
GCL	57.54	3190481
GCL	58.04	3166024
GCL	58.54	3163353
GCL	59.05	3132224
GCL	59.55	3078724
GCL	60.05	3005679
GCL	60.55	3002899
GCL	61.06	2911027
GCL	61.56	2781281
GCL	62.06	2640320
GCL	62.56	2636956
GCL	63.07	2470373
GCL	63.57	2270926
GCL	64.07	2058814
GCL	64.57	2054650
GCL	65.08	1843566
GCL	65.58	1625251
GCL	66.08	1438096
GCL	66.58	1435584
GCL	67.09	1252871
GCL	67.59	1084682
GCL	68.09	950085
GCL	68.59	948614
GCL	69.10	844552
GCL	69.60	752046
GCL	70.10	668406
GCL	70.60	666309
GCL	71.11	590819
GCL	71.61	510495
GCL	72.11	438525
GCL	72.61	365463
GCL	73.12	358320
GCL	73.62	296747
GCL	74.12	242350
GCL	74.62	201788
GCL	75.13	196292
GCL	75.63	163763
GCL	76.13	137381
GCL	76.63	111309
GCL	77.14	108202
GCL	77.64	87113
GCL	78.14	72454
GCL	78.64	58928
GCL	79.15	57212
GCL	79.65	43480
GCL	80.15	33670
GCL	80.65	27176
GCL	81.16	25797
GCL	81.66	20962
GCL	82.16	16607
GCL	82.66	13773
GCL	83.17	12720
GCL	83.67	10820
GCL	84.17	9424
GCL	84.67	8384
GCL	85.18	7716
GCL	85.68	7076
GCL	86.18	6458
GCL	86.68	5843
GCL	87.19	5389
GCL	87.69	4940
GCL	88.19	4544
GCL	88.69	4203
GCL	89.20	4046
GCL	89.70	3813
GCL	90.20	3523
GCL	90.70	3298
GCL	91.21	3101
GCL	91.71	3023
GCL	92.21	2980
GCL	92.71	2990
GCL	93.22	3100
GCL	93.72	3286
GCL	94.22	3582
GCL	94.72	4056
GCL	95.23	4867
GCL	95.73	5565
GCL	96.23	6408
GCL	96.73	10365
GCL	97.24	16582
GCL	97.74	25812
GCL	98.24	39921
GCL	98.74	61195
GCL	99.50	79813
# ACGT content per cycle. Use `grep ^GCC | cut -f 2-` to extract this part. The columns are: cycle; A,C,G,T base counts as a percentage of all A/C/G/T bases [%]; and N and O counts as a percentage of all A/C/G/T bases [%]
GCC	1	14.83	35.02	35.29	14.86	0.00	0.00
GCC	2	25.96	23.93	24.11	25.99	0.05	0.00
GCC	3	24.27	25.62	25.79	24.31	0.02	0.00
GCC	4	23.96	25.95	26.07	24.02	0.02	0.00
GCC	5	33.09	16.79	16.98	33.14	0.00	0.00
GCC	6	24.48	25.40	25.63	24.49	0.01	0.00
GCC	7	24.17	25.72	25.97	24.14	0.02	0.00
GCC	8	25.66	24.25	24.44	25.66	0.00	0.00
GCC	9	16.43	33.50	33.61	16.47	0.00	0.00
GCC	10	28.34	21.54	21.72	28.40	0.00	0.00
GCC	11	20.84	29.01	29.28	20.87	0.00	0.00
GCC	12	26.10	23.81	23.96	26.13	0.00	0.00
GCC	13	20.91	28.96	29.16	20.97	0.00	0.00
GCC	14	21.09	28.81	28.99	21.11	0.00	0.00
GCC	15	23.22	26.66	26.87	23.25	0.00	0.00
GCC	16	24.49	25.42	25.61	24.49	0.00	0.00
GCC	17	25.30	24.59	24.78	25.33	0.00	0.00
GCC	18	24.91	24.97	25.19	24.94	0.04	0.00
GCC	19	24.90	24.99	25.20	24.91	0.00	0.00
GCC	20	25.03	24.86	25.04	25.07	0.00	0.00
GCC	21	24.76	25.13	25.32	24.79	0.00	0.00
GCC	22	24.79	25.10	25.31	24.81	0.00	0.00
GCC	23	24.88	25.04	25.20	24.88	0.00	0.00
GCC	24	24.84	25.06	25.25	24.86	0.00	0.00
GCC	25	24.64	25.26	25.41	24.68	0.00	0.00
GCC	26	24.83	25.05	25.25	24.86	0.00	0.00
GCC	27	24.83	25.05	25.24	24.88	0.00	0.00
GCC	28	24.78	25.11	25.29	24.82	0.00	0.00
GCC	29	24.96	24.94	25.11	25.00	0.04	0.00
GCC	30	24.83	25.06	25.22	24.88	0.00	0.00
GCC	31	24.81	25.07	25.31	24.81	0.04	0.00
GCC	32	24.95	24.94	25.19	24.92	0.00	0.00
GCC	33	24.86	25.02	25.26	24.87	0.00	0.00
GCC	34	24.84	25.09	25.22	24.86	0.00	0.00
GCC	35	24.81	25.08	25.16	24.95	0.00	0.00
GCC	36	24.84	25.04	25.14	24.97	0.00	0.00
GCC	37	24.87	24.92	25.18	25.02	0.00	0.00
GCC	38	24.88	24.97	25.28	24.87	0.00	0.00
GCC	39	24.89	25.02	25.21	24.87	0.00	0.00
GCC	40	24.91	25.07	25.22	24.80	0.00	0.00
GCC	41	25.12	24.89	25.02	24.97	0.00	0.00
GCC	42	25.13	24.89	25.03	24.95	0.00	0.00
GCC	43	25.05	24.86	25.20	24.89	0.00	0.00
GCC	44	25.19	24.73	25.15	24.94	0.00	0.00
GCC	45	25.26	24.72	25.10	24.92	0.01	0.00
GCC	46	25.24	24.73	25.00	25.03	0.00	0.00
GCC	47	25.46	24.57	24.79	25.18	0.00	0.00
GCC	48	25.49	24.52	24.66	25.33	0.00	0.00
GCC	49	25.50	24.38	24.62	25.50	0.00	0.00
GCC	50	25.51	24.30	24.56	25.62	0.00	0.00
GCC	51	25.53	24.17	24.56	25.74	0.00	0.00
GCC	52	25.42	24.21	24.64	25.73	0.00	0.00
GCC	53	25.64	24.11	24.44	25.81	0.00	0.00
GCC	54	25.64	24.12	24.50	25.74	0.00	0.00
GCC	55	25.61	24.24	24.63	25.52	0.00	0.00
GCC	56	25.68	24.27	24.52	25.53	0.00	0.00
GCC	57	25.57	24.34	24.54	25.55	0.00	0.00
GCC	58	25.52	24.37	24.55	25.56	0.01	0.00
GCC	59	25.42	24.45	24.52	25.61	0.00	0.00
GCC	60	25.36	24.42	24.64	25.57	0.00	0.00
GCC	61	25.45	24.44	24.67	25.44	0.00	0.00
GCC	62	25.47	24.54	24.62	25.38	0.00	0.00
GCC	63	25.36	24.62	24.80	25.22	0.00	0.00
GCC	64	25.15	24.77	25.05	25.03	0.00	0.00
GCC	65	25.08	24.84	25.06	25.02	0.00	0.00
GCC	66	24.90	24.95	25.16	24.99	0.01	0.00
GCC	67	24.83	25.00	25.26	24.91	0.00	0.00
GCC	68	24.94	24.97	25.05	25.05	0.00	0.00
GCC	69	24.83	25.01	25.17	24.99	0.00	0.00
GCC	70	24.72	25.07	25.21	25.00	0.00	0.00
GCC	71	24.85	25.00	25.01	25.14	0.01	0.00
GCC	72	24.70	25.09	25.10	25.11	0.00	0.00
GCC	73	24.74	25.12	25.08	25.06	0.00	0.00
GCC	74	24.82	25.18	24.97	25.03	0.00	0.00
GCC	75	24.68	25.25	25.10	24.97	0.00	0.00
GCC	76	24.83	25.15	25.04	24.98	0.00	0.00
GCC	77	24.87	25.04	25.02	25.07	0.00	0.00
GCC	78	24.81	25.08	25.04	25.07	0.00	0.00
GCC	79	24.93	25.03	25.02	25.02	0.00	0.00
GCC	80	25.08	24.98	24.82	25.12	0.00	0.00
GCC	81	25.30	24.87	24.69	25.14	0.00	0.00
GCC	82	25.26	24.84	24.73	25.17	0.00	0.00
GCC	83	25.23	24.84	24.66	25.26	0.00	0.00
GCC	84	25.09	24.86	24.72	25.33	0.00	0.00
GCC	85	25.08	24.90	24.75	25.27	0.00	0.00
GCC	86	25.20	24.75	24.76	25.29	0.00	0.00
GCC	87	25.23	24.75	24.88	25.15	0.01	0.00
GCC	88	25.20	24.72	25.03	25.05	0.00	0.00
GCC	89	25.21	24.74	25.00	25.06	0.00	0.00
GCC	90	25.11	24.87	24.95	25.06	0.01	0.00
GCC	91	25.12	24.95	24.91	25.02	0.00	0.00
GCC	92	25.18	24.98	24.73	25.11	0.00	0.00
GCC	93	25.15	25.08	24.73	25.04	0.00	0.00
GCC	94	25.18	25.08	24.80	24.95	0.00	0.00
GCC	95	25.12	25.03	24.89	24.95	0.00	0.00
GCC	96	25.01	25.13	25.01	24.85	0.00	0.00
GCC	97	24.83	25.17	25.25	24.74	0.00	0.00
GCC	98	24.83	25.06	25.29	24.82	0.01	0.00
GCC	99	24.75	25.18	25.29	24.78	0.00	0.00
GCC	100	24.89	25.10	25.23	24.78	0.00	0.00
GCC	101	24.93	25.05	25.11	24.91	0.00	0.00
GCC	102	25.06	25.03	24.95	24.96	0.00	0.00
GCC	103	25.08	24.91	25.01	25.00	0.00	0.00
GCC	104	25.08	24.81	24.99	25.13	0.00	0.00
GCC	105	25.18	24.77	24.98	25.08	0.00	0.00
GCC	106	25.24	24.77	24.98	25.01	0.00	0.00
GCC	107	25.35	24.68	24.81	25.16	0.00	0.00
GCC	108	25.43	24.59	24.68	25.30	0.00	0.00
GCC	109	25.35	24.54	24.66	25.45	0.00	0.00
GCC	110	25.31	24.42	24.54	25.73	0.03	0.00
GCC	111	25.28	24.36	24.55	25.81	0.02	0.00
GCC	112	25.23	24.37	24.60	25.80	0.01	0.00
GCC	113	25.25	24.41	24.57	25.77	0.00	0.00
GCC	114	25.33	24.49	24.48	25.71	0.01	0.00
GCC	115	25.31	24.65	24.49	25.56	0.00	0.00
GCC	116	25.41	24.66	24.39	25.54	0.00	0.00
GCC	117	25.39	24.75	24.40	25.46	0.00	0.00
GCC	118	25.17	24.95	24.60	25.28	0.05	0.00
GCC	119	25.21	24.92	24.56	25.31	0.00	0.00
GCC	120	25.10	25.05	24.66	25.19	0.00	0.00
GCC	121	24.95	25.22	24.80	25.02	0.00	0.00
GCC	122	25.00	25.15	24.75	25.09	0.00	0.00
GCC	123	24.85	25.32	24.91	24.92	0.00	0.00
GCC	124	24.83	25.35	24.93	24.89	0.00	0.00
GCC	125	24.75	25.43	25.00	24.82	0.00	0.00
GCC	126	24.69	25.51	25.07	24.73	0.00	0.00
GCC	127	24.57	25.63	25.19	24.61	0.00	0.00
GCC	128	24.53	25.69	25.23	24.56	0.00	0.00
GCC	129	24.44	25.80	25.33	24.43	0.00	0.00
GCC	130	24.34	25.86	25.44	24.37	0.01	0.00
GCC	131	24.28	25.95	25.49	24.28	0.00	0.00
GCC	132	24.18	26.01	25.60	24.21	0.00	0.00
GCC	133	24.10	26.11	25.68	24.11	0.00	0.00
GCC	134	24.11	26.08	25.67	24.14	0.00	0.00
GCC	135	23.99	26.21	25.78	24.02	0.05	0.00
GCC	136	23.90	26.28	25.87	23.95	0.03	0.00
GCC	137	23.90	26.30	25.89	23.91	0.00	0.00
GCC	138	23.73	26.46	26.05	23.76	0.00	0.00
GCC	139	23.60	26.58	26.17	23.65	0.00	0.00
GCC	140	23.59	26.60	26.18	23.63	0.00	0.00
GCC	141	23.55	26.63	26.24	23.58	0.00	0.00
GCC	142	23.45	26.72	26.34	23.49	0.00	0.00
GCC	143	23.53	26.66	26.27	23.54	0.00	0.00
GCC	144	23.32	26.85	26.47	23.36	0.00	0.00
GCC	145	23.23	26.93	26.58	23.26	0.00	0.00
GCC	146	23.19	26.99	26.62	23.20	0.02	0.00
GCC	147	23.13	27.04	26.67	23.15	0.00	0.00
GCC	148	23.06	27.14	26.75	23.05	0.00	0.00
GCC	149	22.98	27.20	26.82	22.99	0.00	0.00
GCC	150	22.91	27.27	26.91	22.92	0.00	0.00
GCC	151	22.75	27.43	27.05	22.77	0.00	0.00
# ACGT content per cycle, read oriented. Use `grep ^GCT | cut -f 2-` to extract this part. The columns are: cycle; A,C,G,T base counts as a percentage of all A/C/G/T bases [%]
GCT	1	19.22	26.15	44.16	10.47
GCT	2	17.79	28.18	19.86	34.16
GCT	3	20.87	32.01	19.41	27.71
GCT	4	14.10	37.37	14.65	33.88
GCT	5	33.36	17.61	16.15	32.87
GCT	6	34.18	14.86	36.17	14.79
GCT	7	27.63	19.25	32.43	20.69
GCT	8	33.27	20.26	28.43	18.05
GCT	9	12.86	41.35	25.75	20.04
GCT	10	24.95	24.81	18.45	31.79
GCT	11	20.80	21.01	37.28	20.90
GCT	12	23.77	26.14	21.63	28.45
GCT	13	18.64	26.52	31.61	23.24
GCT	14	18.44	35.37	22.43	23.76
GCT	15	26.37	25.81	27.71	20.11
GCT	16	26.48	25.08	25.95	22.50
GCT	17	25.71	24.84	24.54	24.92
GCT	18	25.14	24.79	25.36	24.71
GCT	19	24.81	24.78	25.41	25.00
GCT	20	25.07	24.68	25.22	25.03
GCT	21	24.42	25.29	25.16	25.14
GCT	22	24.58	25.07	25.33	25.02
GCT	23	24.82	24.90	25.34	24.94
GCT	24	24.92	25.04	25.26	24.78
GCT	25	24.59	25.22	25.45	24.73
GCT	26	24.89	25.06	25.24	24.80
GCT	27	24.96	24.97	25.32	24.75
GCT	28	24.80	25.00	25.39	24.80
GCT	29	25.05	24.96	25.09	24.90
GCT	30	24.99	24.99	25.30	24.72
GCT	31	24.87	25.07	25.31	24.75
GCT	32	24.94	25.01	25.13	24.92
GCT	33	24.90	25.11	25.17	24.82
GCT	34	24.74	24.87	25.43	24.96
GCT	35	25.05	24.94	25.31	24.70
GCT	36	25.09	25.08	25.10	24.73
GCT	37	24.81	24.82	25.28	25.09
GCT	38	24.57	25.18	25.07	25.18
GCT	39	24.72	25.13	25.10	25.04
GCT	40	24.56	25.11	25.18	25.15
GCT	41	24.70	25.31	24.59	25.39
GCT	42	24.47	25.27	24.65	25.61
GCT	43	24.10	25.47	24.59	25.84
GCT	44	24.15	25.18	24.70	25.98
GCT	45	24.13	25.28	24.53	26.06
GCT	46	24.09	25.23	24.50	26.18
GCT	47	24.17	25.26	24.10	26.47
GCT	48	24.30	25.35	23.83	26.52
GCT	49	24.33	25.26	23.74	26.66
GCT	50	24.68	25.23	23.63	26.45
GCT	51	24.85	25.20	23.54	26.42
GCT	52	24.82	25.15	23.70	26.33
GCT	53	25.08	25.19	23.35	26.38
GCT	54	24.84	25.45	23.17	26.54
GCT	55	24.64	25.56	23.30	26.49
GCT	56	24.76	25.54	23.25	26.44
GCT	57	24.72	25.72	23.16	26.40
GCT	58	24.62	25.84	23.08	26.46
GCT	59	24.64	25.91	23.06	26.39
GCT	60	24.60	26.01	23.06	26.33
GCT	61	24.60	25.91	23.21	26.29
GCT	62	24.60	25.87	23.29	26.24
GCT	63	24.66	26.08	23.34	25.92
GCT	64	24.40	26.22	23.60	25.79
GCT	65	24.56	26.44	23.45	25.55
GCT	66	24.55	26.56	23.55	25.33
GCT	67	24.49	26.62	23.64	25.25
GCT	68	24.70	26.68	23.34	25.29
GCT	69	24.67	26.60	23.58	25.15
GCT	70	24.84	26.63	23.66	24.88
GCT	71	24.91	26.45	23.56	25.08
GCT	72	24.85	26.46	23.74	24.95
GCT	73	24.92	26.28	23.92	24.88
GCT	74	25.08	26.09	24.06	24.77
GCT	75	25.24	26.13	24.22	24.41
GCT	76	25.22	26.00	24.19	24.59
GCT	77	25.30	26.04	24.02	24.64
GCT	78	25.27	26.17	23.95	24.60
GCT	79	25.17	26.00	24.06	24.78
GCT	80	25.37	25.79	24.01	24.83
GCT	81	25.51	25.54	24.03	24.93
GCT	82	25.34	25.43	24.14	25.09
GCT	83	25.46	25.19	24.32	25.03
GCT	84	25.40	25.14	24.44	25.02
GCT	85	25.31	25.08	24.57	25.04
GCT	86	25.26	25.09	24.42	25.22
GCT	87	25.15	25.19	24.43	25.23
GCT	88	25.03	25.15	24.60	25.22
GCT	89	24.96	25.18	24.55	25.30
GCT	90	24.89	25.29	24.53	25.28
GCT	91	24.81	25.23	24.63	25.33
GCT	92	24.78	25.09	24.62	25.52
GCT	93	24.58	24.94	24.87	25.61
GCT	94	24.53	24.95	24.92	25.59
GCT	95	24.58	24.90	25.03	25.50
GCT	96	24.47	25.05	25.09	25.40
GCT	97	24.24	25.17	25.26	25.34
GCT	98	24.23	25.28	25.07	25.42
GCT	99	24.12	25.43	25.05	25.41
GCT	100	24.08	25.35	24.98	25.59
GCT	101	24.13	25.25	24.91	25.71
GCT	102	24.16	25.24	24.74	25.86
GCT	103	24.10	25.23	24.69	25.99
GCT	104	24.19	25.19	24.61	26.01
GCT	105	24.27	25.27	24.47	25.99
GCT	106	24.24	25.23	24.52	26.01
GCT	107	24.32	25.15	24.34	26.19
GCT	108	24.55	25.06	24.21	26.18
GCT	109	24.65	25.01	24.19	26.15
GCT	110	24.93	24.81	24.14	26.11
GCT	111	25.11	24.78	24.12	25.99
GCT	112	25.09	24.79	24.17	25.95
GCT	113	25.20	24.68	24.29	25.82
GCT	114	25.26	24.70	24.27	25.77
GCT	115	25.21	24.63	24.51	25.65
GCT	116	25.33	24.54	24.51	25.62
GCT	117	25.34	24.45	24.70	25.51
GCT	118	25.04	24.38	25.17	25.42
GCT	119	25.11	24.15	25.34	25.40
GCT	120	24.96	24.14	25.57	25.33
GCT	121	24.77	24.21	25.82	25.20
GCT	122	24.85	23.98	25.93	25.25
GCT	123	24.66	24.08	26.15	25.11
GCT	124	24.68	23.95	26.33	25.03
GCT	125	24.67	23.87	26.56	24.90
GCT	126	24.65	23.81	26.77	24.77
GCT	127	24.52	23.77	27.05	24.66
GCT	128	24.55	23.69	27.23	24.54
GCT	129	24.44	23.71	27.42	24.43
GCT	130	24.26	23.49	27.80	24.45
GCT	131	24.09	23.42	28.02	24.46
GCT	132	23.97	23.33	28.27	24.43
GCT	133	23.78	23.27	28.52	24.43
GCT	134	23.87	23.23	28.52	24.38
GCT	135	23.88	23.20	28.78	24.14
GCT	136	23.74	23.06	29.10	24.11
GCT	137	23.86	22.96	29.23	23.95
GCT	138	23.61	23.04	29.47	23.88
GCT	139	23.48	23.01	29.74	23.77
GCT	140	23.39	22.92	29.86	23.84
GCT	141	23.45	22.83	30.04	23.68
GCT	142	23.33	22.72	30.34	23.61
GCT	143	23.38	22.31	30.62	23.69
GCT	144	23.28	22.45	30.87	23.40
GCT	145	23.08	22.83	30.69	23.40
GCT	146	23.03	22.83	30.78	23.36
GCT	147	23.10	22.33	31.39	23.19
GCT	148	22.99	22.22	31.67	23.12
GCT	149	23.00	22.05	31.98	22.97
GCT	150	22.98	22.15	32.03	22.85
GCT	151	22.79	22.50	31.98	22.73
# ACGT content per cycle for first fragments. Use `grep ^FBC | cut -f 2-` to extract this part. The columns are: cycle; A,C,G,T base counts as a percentage of all A/C/G/T bases [%]; and N and O counts as a percentage of all A/C/G/T bases [%]
FBC	1	14.75	35.21	35.31	14.73	0.00	0.00
FBC	2	25.95	24.04	23.95	26.06	0.02	0.00
FBC	3	24.30	25.73	25.61	24.36	0.03	0.00
FBC	4	23.96	26.08	25.87	24.09	0.03	0.00
FBC	5	33.12	16.87	16.83	33.17	0.00	0.00
FBC	6	24.57	25.42	25.51	24.50	0.02	0.00
FBC	7	24.24	25.76	25.82	24.18	0.00	0.00
FBC	8	25.76	24.28	24.27	25.69	0.00	0.00
FBC	9	16.46	33.60	33.42	16.53	0.00	0.00
FBC	10	28.40	21.60	21.51	28.49	0.00	0.00
FBC	11	20.86	29.06	29.17	20.91	0.00	0.00
FBC	12	26.18	23.84	23.76	26.22	0.00	0.00
FBC	13	20.94	29.03	29.01	21.02	0.00	0.00
FBC	14	21.15	28.89	28.78	21.18	0.00	0.00
FBC	15	23.30	26.70	26.68	23.31	0.00	0.00
FBC	16	24.55	25.47	25.43	24.55	0.00	0.00
FBC	17	25.38	24.63	24.58	25.41	0.00	0.00
FBC	18	24.98	25.01	25.00	25.00	0.07	0.00
FBC	19	24.96	25.04	25.03	24.97	0.00	0.00
FBC	20	25.09	24.91	24.87	25.13	0.00	0.00
FBC	21	24.82	25.19	25.14	24.85	0.00	0.00
FBC	22	24.83	25.17	25.14	24.86	0.00	0.00
FBC	23	24.92	25.09	25.04	24.95	0.00	0.00
FBC	24	24.90	25.10	25.08	24.92	0.00	0.00
FBC	25	24.70	25.31	25.25	24.74	0.00	0.00
FBC	26	24.90	25.11	25.06	24.93	0.00	0.00
FBC	27	24.92	25.09	25.04	24.95	0.00	0.00
FBC	28	24.86	25.15	25.11	24.88	0.00	0.00
FBC	29	25.05	24.97	24.92	25.07	0.00	0.00
FBC	30	24.90	25.11	25.04	24.95	0.00	0.00
FBC	31	24.85	25.15	25.12	24.87	0.00	0.00
FBC	32	24.98	25.03	24.99	25.00	0.00	0.00
FBC	33	24.91	25.08	25.07	24.94	0.00	0.00
FBC	34	24.89	25.13	25.07	24.91	0.00	0.00
FBC	35	24.91	25.09	25.02	24.98	0.00	0.00
FBC	36	24.95	25.06	25.00	25.00	0.00	0.00
FBC	37	24.98	25.01	24.97	25.04	0.00	0.00
FBC	38	24.94	25.08	25.03	24.95	0.00	0.00
FBC	39	24.93	25.09	25.01	24.97	0.00	0.00
FBC	40	24.89	25.11	25.06	24.94	0.00	0.00
FBC	41	25.10	24.91	24.88	25.12	0.00	0.00
FBC	42	25.08	24.92	24.88	25.12	0.00	0.00
FBC	43	25.01	25.01	24.94	25.04	0.00	0.00
FBC	44	25.12	24.90	24.86	25.11	0.00	0.00
FBC	45	25.15	24.85	24.85	25.16	0.00	0.00
FBC	46	25.18	24.83	24.80	25.20	0.00	0.00
FBC	47	25.37	24.62	24.62	25.39	0.01	0.00
FBC	48	25.49	24.55	24.52	25.44	0.00	0.00
FBC	49	25.56	24.46	24.44	25.55	0.00	0.00
FBC	50	25.62	24.39	24.37	25.62	0.00	0.00
FBC	51	25.69	24.32	24.30	25.69	0.01	0.00
FBC	52	25.62	24.38	24.37	25.63	0.00	0.00
FBC	53	25.77	24.25	24.21	25.77	0.00	0.00
FBC	54	25.72	24.29	24.25	25.73	0.00	0.00
FBC	55	25.57	24.40	24.41	25.62	0.00	0.00
FBC	56	25.59	24.37	24.37	25.67	0.00	0.00
FBC	57	25.53	24.42	24.45	25.60	0.00	0.00
FBC	58	25.52	24.47	24.47	25.54	0.01	0.00
FBC	59	25.49	24.49	24.47	25.55	0.00	0.00
FBC	60	25.43	24.55	24.52	25.50	0.00	0.00
FBC	61	25.41	24.60	24.56	25.44	0.01	0.00
FBC	62	25.35	24.64	24.60	25.41	0.00	0.00
FBC	63	25.23	24.77	24.74	25.27	0.00	0.00
FBC	64	25.04	24.95	24.93	25.08	0.01	0.00
FBC	65	25.02	24.96	24.97	25.05	0.00	0.00
FBC	66	24.92	25.08	25.03	24.97	0.03	0.00
FBC	67	24.85	25.16	25.11	24.88	0.00	0.00
FBC	68	24.94	25.06	24.98	25.02	0.00	0.00
FBC	69	24.87	25.13	25.08	24.92	0.00	0.00
FBC	70	24.80	25.19	25.12	24.89	0.00	0.00
FBC	71	24.93	25.05	25.01	25.02	0.00	0.00
FBC	72	24.80	25.21	25.13	24.87	0.00	0.00
FBC	73	24.78	25.20	25.16	24.86	0.00	0.00
FBC	74	24.82	25.19	25.11	24.88	0.00	0.00
FBC	75	24.71	25.27	25.23	24.79	0.00	0.00
FBC	76	24.80	25.19	25.16	24.85	0.00	0.00
FBC	77	24.86	25.14	25.10	24.90	0.00	0.00
FBC	78	24.79	25.21	25.13	24.87	0.00	0.00
FBC	79	24.85	25.15	25.08	24.93	0.00	0.00
FBC	80	25.05	24.98	24.89	25.08	0.00	0.00
FBC	81	25.17	24.86	24.76	25.21	0.00	0.00
FBC	82	25.13	24.89	24.80	25.18	0.00	0.00
FBC	83	25.12	24.88	24.81	25.18	0.00	0.00
FBC	84	25.05	24.95	24.88	25.11	0.00	0.00
FBC	85	25.03	25.00	24.92	25.05	0.00	0.00
FBC	86	25.12	24.93	24.86	25.09	0.00	0.00
FBC	87	25.04	25.01	24.91	25.03	0.00	0.00
FBC	88	24.96	25.10	24.98	24.97	0.00	0.00
FBC	89	24.99	25.06	24.97	24.98	0.00	0.00
FBC	90	24.98	25.07	24.97	24.99	0.00	0.00
FBC	91	25.00	25.07	24.95	24.98	0.00	0.00
FBC	92	25.10	24.96	24.83	25.11	0.00	0.00
FBC	93	25.08	24.99	24.86	25.07	0.00	0.00
FBC	94	25.07	24.98	24.89	25.06	0.00	0.00
FBC	95	25.09	24.97	24.87	25.08	0.00	0.00
FBC	96	25.01	25.04	24.95	25.00	0.00	0.00
FBC	97	24.86	25.17	25.06	24.90	0.00	0.00
FBC	98	24.93	25.11	25.01	24.95	0.00	0.00
FBC	99	24.90	25.15	25.04	24.91	0.00	0.00
FBC	100	25.00	25.03	24.95	25.02	0.00	0.00
FBC	101	25.10	24.91	24.86	25.13	0.00	0.00
FBC	102	25.21	24.80	24.73	25.27	0.00	0.00
FBC	103	25.27	24.73	24.67	25.32	0.00	0.00
FBC	104	25.35	24.67	24.60	25.38	0.00	0.00
FBC	105	25.37	24.66	24.60	25.37	0.00	0.00
FBC	106	25.31	24.72	24.67	25.30	0.00	0.00
FBC	107	25.36	24.67	24.63	25.34	0.00	0.00
FBC	108	25.37	24.66	24.59	25.39	0.00	0.00
FBC	109	25.34	24.67	24.62	25.37	0.00	0.00
FBC	110	25.42	24.60	24.51	25.47	0.00	0.00
FBC	111	25.41	24.59	24.54	25.46	0.00	0.00
FBC	112	25.37	24.64	24.58	25.42	0.00	0.00
FBC	113	25.37	24.62	24.58	25.43	0.00	0.00
FBC	114	25.43	24.57	24.53	25.47	0.02	0.00
FBC	115	25.38	24.62	24.57	25.43	0.00	0.00
FBC	116	25.47	24.52	24.49	25.52	0.00	0.00
FBC	117	25.46	24.55	24.49	25.49	0.00	0.00
FBC	118	25.27	24.73	24.67	25.34	0.00	0.00
FBC	119	25.38	24.61	24.57	25.45	0.00	0.00
FBC	120	25.35	24.65	24.57	25.43	0.00	0.00
FBC	121	25.29	24.72	24.63	25.35	0.00	0.00
FBC	122	25.45	24.54	24.49	25.52	0.00	0.00
FBC	123	25.36	24.64	24.58	25.42	0.00	0.00
FBC	124	25.42	24.58	24.52	25.48	0.00	0.00
FBC	125	25.40	24.59	24.53	25.48	0.00	0.00
FBC	126	25.39	24.61	24.54	25.46	0.00	0.00
FBC	127	25.31	24.69	24.63	25.37	0.00	0.00
FBC	128	25.32	24.70	24.61	25.37	0.00	0.00
FBC	129	25.29	24.75	24.66	25.31	0.00	0.00
FBC	130	25.27	24.72	24.68	25.33	0.02	0.00
FBC	131	25.30	24.73	24.63	25.33	0.00	0.00
FBC	132	25.28	24.71	24.68	25.33	0.00	0.00
FBC	133	25.27	24.74	24.68	25.31	0.00	0.00
FBC	134	25.37	24.62	24.58	25.42	0.00	0.00
FBC	135	25.31	24.69	24.62	25.37	0.00	0.00
FBC	136	25.26	24.73	24.68	25.33	0.00	0.00
FBC	137	25.30	24.70	24.65	25.35	0.01	0.00
FBC	138	25.16	24.83	24.78	25.23	0.00	0.00
FBC	139	25.07	24.91	24.86	25.15	0.00	0.00
FBC	140	25.14	24.87	24.79	25.19	0.00	0.00
FBC	141	25.17	24.83	24.78	25.23	0.00	0.00
FBC	142	25.14	24.84	24.81	25.21	0.00	0.00
FBC	143	25.32	24.69	24.64	25.35	0.00	0.00
FBC	144	25.17	24.84	24.79	25.21	0.00	0.00
FBC	145	25.12	24.85	24.85	25.18	0.00	0.00
FBC	146	25.12	24.87	24.84	25.17	0.03	0.00
FBC	147	25.11	24.89	24.86	25.15	0.00	0.00
FBC	148	25.06	24.95	24.91	25.08	0.01	0.00
FBC	149	25.03	24.98	24.93	25.06	0.00	0.00
FBC	150	25.01	24.99	24.97	25.03	0.00	0.00
FBC	151	24.96	25.05	25.01	24.99	0.00	0.00
# ACGT raw counters for first fragments. Use `grep ^FTC | cut -f 2-` to extract this part. The columns are: A,C,G,T,N base counters
FTC	5310852620	5321340938	5310409664	5318467034	552715
# ACGT content per cycle for last fragments. Use `grep ^LBC | cut -f 2-` to extract this part. The columns are: cycle; A,C,G,T base counts as a percentage of all A/C/G/T bases [%]; and N and O counts as a percentage of all A/C/G/T bases [%]
LBC	1	14.92	34.83	35.26	14.98	0.00	0.00
LBC	2	25.97	23.83	24.27	25.93	0.07	0.00
LBC	3	24.25	25.52	25.98	24.26	0.00	0.00
LBC	4	23.96	25.82	26.27	23.94	0.00	0.00
LBC	5	33.06	16.70	17.13	33.11	0.00	0.00
LBC	6	24.39	25.38	25.75	24.48	0.00	0.00
LBC	7	24.10	25.68	26.11	24.11	0.04	0.00
LBC	8	25.56	24.22	24.60	25.62	0.01	0.00
LBC	9	16.40	33.39	33.80	16.41	0.00	0.00
LBC	10	28.28	21.49	21.93	28.31	0.00	0.00
LBC	11	20.81	28.97	29.39	20.83	0.00	0.00
LBC	12	26.03	23.77	24.17	26.03	0.00	0.00
LBC	13	20.88	28.90	29.30	20.92	0.00	0.00
LBC	14	21.04	28.73	29.20	21.03	0.00	0.00
LBC	15	23.14	26.61	27.05	23.19	0.00	0.00
LBC	16	24.42	25.37	25.78	24.43	0.00	0.00
LBC	17	25.22	24.56	24.97	25.25	0.00	0.00
LBC	18	24.84	24.92	25.37	24.87	0.00	0.00
LBC	19	24.85	24.93	25.36	24.85	0.00	0.00
LBC	20	24.97	24.81	25.22	25.01	0.00	0.00
LBC	21	24.71	25.07	25.50	24.73	0.00	0.00
LBC	22	24.75	25.02	25.47	24.76	0.00	0.00
LBC	23	24.83	24.98	25.36	24.82	0.00	0.00
LBC	24	24.78	25.01	25.41	24.79	0.00	0.00
LBC	25	24.59	25.21	25.58	24.63	0.01	0.00
LBC	26	24.76	24.99	25.45	24.80	0.01	0.00
LBC	27	24.74	25.01	25.44	24.81	0.00	0.00
LBC	28	24.70	25.07	25.46	24.77	0.00	0.00
LBC	29	24.87	24.91	25.30	24.93	0.08	0.00
LBC	30	24.76	25.02	25.41	24.82	0.00	0.00
LBC	31	24.77	24.99	25.50	24.74	0.08	0.00
LBC	32	24.92	24.86	25.38	24.84	0.00	0.00
LBC	33	24.80	24.95	25.45	24.80	0.00	0.00
LBC	34	24.78	25.04	25.37	24.81	0.00	0.00
LBC	35	24.70	25.07	25.31	24.91	0.00	0.00
LBC	36	24.73	25.03	25.29	24.95	0.00	0.00
LBC	37	24.76	24.83	25.40	25.00	0.00	0.00
LBC	38	24.82	24.86	25.53	24.80	0.00	0.00
LBC	39	24.85	24.96	25.42	24.78	0.00	0.00
LBC	40	24.94	25.04	25.37	24.65	0.01	0.00
LBC	41	25.15	24.87	25.16	24.82	0.00	0.00
LBC	42	25.17	24.86	25.18	24.78	0.00	0.00
LBC	43	25.09	24.71	25.47	24.74	0.01	0.00
LBC	44	25.25	24.56	25.43	24.76	0.00	0.00
LBC	45	25.38	24.59	25.34	24.69	0.01	0.00
LBC	46	25.30	24.62	25.21	24.86	0.00	0.00
LBC	47	25.55	24.52	24.96	24.97	0.00	0.00
LBC	48	25.48	24.50	24.79	25.23	0.00	0.00
LBC	49	25.45	24.30	24.80	25.44	0.00	0.00
LBC	50	25.40	24.22	24.76	25.62	0.00	0.00
LBC	51	25.37	24.02	24.82	25.79	0.00	0.00
LBC	52	25.22	24.05	24.90	25.84	0.00	0.00
LBC	53	25.51	23.96	24.66	25.86	0.01	0.00
LBC	54	25.56	23.94	24.76	25.74	0.00	0.00
LBC	55	25.64	24.07	24.85	25.43	0.00	0.00
LBC	56	25.77	24.17	24.67	25.38	0.00	0.00
LBC	57	25.61	24.26	24.64	25.50	0.00	0.00
LBC	58	25.52	24.27	24.62	25.59	0.00	0.00
LBC	59	25.35	24.41	24.56	25.68	0.01	0.00
LBC	60	25.29	24.30	24.77	25.65	0.00	0.00
LBC	61	25.49	24.29	24.78	25.44	0.00	0.00
LBC	62	25.58	24.45	24.63	25.34	0.00	0.00
LBC	63	25.49	24.47	24.86	25.18	0.00	0.00
LBC	64	25.27	24.58	25.16	24.99	0.00	0.00
LBC	65	25.14	24.72	25.15	24.99	0.00	0.00
LBC	66	24.89	24.81	25.30	25.00	0.00	0.00
LBC	67	24.81	24.84	25.42	24.94	0.00	0.00
LBC	68	24.93	24.87	25.12	25.08	0.00	0.00
LBC	69	24.79	24.89	25.26	25.06	0.00	0.00
LBC	70	24.65	24.95	25.31	25.10	0.00	0.00
LBC	71	24.78	24.96	25.01	25.26	0.01	0.00
LBC	72	24.60	24.98	25.08	25.34	0.00	0.00
LBC	73	24.70	25.04	24.99	25.27	0.00	0.00
LBC	74	24.81	25.18	24.82	25.19	0.00	0.00
LBC	75	24.65	25.23	24.96	25.16	0.01	0.00
LBC	76	24.87	25.11	24.91	25.11	0.00	0.00
LBC	77	24.88	24.93	24.94	25.25	0.00	0.00
LBC	78	24.83	24.95	24.96	25.27	0.00	0.00
LBC	79	25.01	24.92	24.96	25.11	0.00	0.00
LBC	80	25.12	24.99	24.74	25.15	0.00	0.00
LBC	81	25.43	24.89	24.62	25.07	0.00	0.00
LBC	82	25.40	24.79	24.66	25.15	0.00	0.00
LBC	83	25.33	24.80	24.52	25.34	0.00	0.00
LBC	84	25.12	24.77	24.56	25.55	0.00	0.00
LBC	85	25.13	24.81	24.57	25.49	0.00	0.00
LBC	86	25.27	24.57	24.66	25.49	0.00	0.00
LBC	87	25.42	24.48	24.84	25.26	0.03	0.00
LBC	88	25.45	24.35	25.08	25.13	0.00	0.00
LBC	89	25.42	24.41	25.03	25.13	0.00	0.00
LBC	90	25.25	24.68	24.93	25.14	0.03	0.00
LBC	91	25.24	24.83	24.87	25.06	0.00	0.00
LBC	92	25.26	24.99	24.62	25.12	0.00	0.00
LBC	93	25.22	25.17	24.60	25.01	0.00	0.00
LBC	94	25.28	25.17	24.71	24.83	0.00	0.00
LBC	95	25.16	25.10	24.91	24.83	0.00	0.00
LBC	96	25.02	25.21	25.06	24.71	0.00	0.00
LBC	97	24.80	25.17	25.44	24.59	0.00	0.00
LBC	98	24.74	25.01	25.56	24.69	0.01	0.00
LBC	99	24.61	25.21	25.53	24.64	0.00	0.00
LBC	100	24.78	25.17	25.50	24.55	0.00	0.00
LBC	101	24.78	25.19	25.33	24.70	0.00	0.00
LBC	102	24.92	25.25	25.16	24.67	0.00	0.00
LBC	103	24.90	25.07	25.33	24.70	0.00	0.00
LBC	104	24.82	24.94	25.35	24.90	0.00	0.00
LBC	105	24.99	24.87	25.33	24.81	0.00	0.00
LBC	106	25.17	24.81	25.27	24.74	0.01	0.00
LBC	107	25.34	24.68	24.98	25.00	0.00	0.00
LBC	108	25.48	24.53	24.77	25.22	0.00	0.00
LBC	109	25.35	24.41	24.71	25.53	0.00	0.00
LBC	110	25.22	24.25	24.57	25.96	0.05	0.00
LBC	111	25.17	24.14	24.56	26.13	0.04	0.00
LBC	112	25.11	24.12	24.61	26.16	0.02	0.00
LBC	113	25.15	24.23	24.55	26.07	0.00	0.00
LBC	114	25.24	24.41	24.44	25.92	0.00	0.00
LBC	115	25.24	24.68	24.42	25.67	0.00	0.00
LBC	116	25.36	24.79	24.30	25.55	0.00	0.00
LBC	117	25.33	24.92	24.32	25.43	0.00	0.00
LBC	118	25.09	25.14	24.54	25.23	0.09	0.00
LBC	119	25.07	25.20	24.55	25.18	0.00	0.00
LBC	120	24.88	25.41	24.74	24.97	0.00	0.00
LBC	121	24.64	25.66	24.96	24.74	0.00	0.00
LBC	122	24.61	25.68	24.98	24.72	0.00	0.00
LBC	123	24.41	25.91	25.19	24.48	0.00	0.00
LBC	124	24.32	26.01	25.29	24.39	0.00	0.00
LBC	125	24.20	26.15	25.40	24.26	0.00	0.00
LBC	126	24.09	26.28	25.52	24.11	0.00	0.00
LBC	127	23.94	26.43	25.68	23.96	0.00	0.00
LBC	128	23.86	26.52	25.74	23.87	0.00	0.00
LBC	129	23.72	26.69	25.90	23.69	0.00	0.00
LBC	130	23.55	26.81	26.08	23.57	0.00	0.00
LBC	131	23.42	26.98	26.20	23.40	0.00	0.00
LBC	132	23.27	27.09	26.37	23.27	0.00	0.00
LBC	133	23.12	27.25	26.51	23.12	0.00	0.00
LBC	134	23.07	27.29	26.57	23.08	0.00	0.00
LBC	135	22.90	27.46	26.73	22.91	0.09	0.00
LBC	136	22.78	27.57	26.85	22.81	0.04	0.00
LBC	137	22.74	27.62	26.91	22.73	0.00	0.00
LBC	138	22.56	27.78	27.09	22.57	0.00	0.00
LBC	139	22.40	27.93	27.24	22.43	0.00	0.00
LBC	140	22.34	28.00	27.29	22.36	0.00	0.00
LBC	141	22.24	28.08	27.41	22.26	0.00	0.00
LBC	142	22.09	28.23	27.58	22.10	0.00	0.00
LBC	143	22.10	28.23	27.57	22.09	0.00	0.00
LBC	144	21.85	28.46	27.81	21.87	0.00	0.00
LBC	145	21.72	28.59	27.96	21.72	0.00	0.00
LBC	146	21.66	28.68	28.03	21.64	0.01	0.00
LBC	147	21.57	28.74	28.11	21.57	0.00	0.00
LBC	148	21.48	28.86	28.21	21.45	0.00	0.00
LBC	149	21.37	28.95	28.31	21.37	0.00	0.00
LBC	150	21.27	29.04	28.42	21.27	0.00	0.00
LBC	151	21.07	29.25	28.62	21.07	0.00	0.00
# ACGT raw counters for last fragments. Use `grep ^LTC | cut -f 2-` to extract this part. The columns are: A,C,G,T,N base counters
LTC	5471297876	5695674526	5712872570	5478972301	1261954
# Insert sizes. Use `grep ^IS | cut -f 2-` to extract this part. The columns are: insert size, pairs total, inward oriented pairs, outward oriented pairs, other pairs
IS	0	4665	0	4	4661
IS	1	0	0	0	0
IS	2	5667	0	561	5106
IS	3	913	0	542	371
IS	4	841	0	592	249
IS	5	681	0	281	400
IS	6	294	0	278	16
IS	7	565	0	563	2
IS	8	397	0	397	0
IS	9	5128	0	5128	0
IS	10	493	0	493	0
IS	11	631	0	631	0
IS	12	291	0	291	0
IS	13	309	0	235	74
IS	14	470	0	468	2
IS	15	413	0	413	0
IS	16	528	0	528	0
IS	17	438	0	438	0
IS	18	431	0	431	0
IS	19	393773	194022	199751	0
IS	20	192215	97185	95030	0
IS	21	80455	41372	39083	0
IS	22	32675	16993	15681	1
IS	23	13538	6838	6698	2
IS	24	8185	3900	4285	0
IS	25	8127	3504	4617	6
IS	26	6146	2733	3411	2
IS	27	5631	2352	3271	8
IS	28	5834	2426	3400	8
IS	29	6143	2419	3716	8
IS	30	4880	2214	2652	14
IS	31	4765	1764	2995	6
IS	32	10159	4387	5760	12
IS	33	10638	4179	6447	12
IS	34	9737	3602	6114	21
IS	35	13053	4610	8423	20
IS	36	21468	7944	13509	15
IS	37	28160	9691	18458	11
IS	38	45801	12184	33603	14
IS	39	108520	23606	84897	17
IS	40	282141	95639	186494	8
IS	41	412317	158272	254031	14
IS	42	458404	175876	282517	11
IS	43	494926	191163	303749	14
IS	44	475505	183331	292159	15
IS	45	428855	165492	263344	19
IS	46	395704	153053	242638	13
IS	47	382694	148245	234436	13
IS	48	387881	151613	236259	9
IS	49	390865	152461	238400	4
IS	50	409870	160064	249796	10
IS	51	430890	168356	262530	4
IS	52	690457	257794	432654	9
IS	53	801704	297727	503970	7
IS	54	784071	292700	491361	10
IS	55	720327	268656	451663	8
IS	56	665734	248467	417258	9
IS	57	636822	239520	397294	8
IS	58	605698	225228	380461	9
IS	59	597760	222516	375235	9
IS	60	604543	224627	379912	4
IS	61	612994	227506	385482	6
IS	62	644443	241197	403240	6
IS	63	677231	254500	422724	7
IS	64	699257	262440	436809	8
IS	65	679353	255217	424130	6
IS	66	627532	235735	391782	15
IS	67	579348	218720	360623	5
IS	68	546505	207654	338836	15
IS	69	530478	200654	329811	13
IS	70	518467	197178	321278	11
IS	71	528621	198636	329974	11
IS	72	544608	205794	338806	8
IS	73	570809	216316	354487	6
IS	74	601942	228505	373431	6
IS	75	602725	229143	373574	8
IS	76	578086	220909	357161	16
IS	77	547061	209748	337306	7
IS	78	514519	195857	318648	14
IS	79	488310	186441	301860	9
IS	80	470395	180158	290232	5
IS	81	468073	178216	289851	6
IS	82	481620	185136	296470	14
IS	83	504891	194126	310757	8
IS	84	535221	204706	330506	9
IS	85	550447	210652	339784	11
IS	86	549486	210645	338837	4
IS	87	518110	198102	320003	5
IS	88	486443	187255	299179	9
IS	89	465835	179304	286525	6
IS	90	446507	171808	274692	7
IS	91	443478	171708	271766	4
IS	92	446870	171976	274883	11
IS	93	456987	176911	280067	9
IS	94	475369	184875	290486	8
IS	95	493522	190430	303086	6
IS	96	503768	195444	308314	10
IS	97	496302	191267	305024	11
IS	98	470325	180912	289410	3
IS	99	455271	173934	281328	9
IS	100	434794	168463	266325	6
IS	101	420447	163473	256966	8
IS	102	418892	163060	255825	7
IS	103	423661	166436	257215	10
IS	104	439736	170352	269382	2
IS	105	456841	176409	280425	7
IS	106	472590	184638	287944	8
IS	107	480364	185711	294646	7
IS	108	463703	181265	282431	7
IS	109	439132	172334	266790	8
IS	110	419358	163725	255622	11
IS	111	412634	162028	250601	5
IS	112	408819	159687	249125	7
IS	113	406409	159561	246837	11
IS	114	418912	164194	254707	11
IS	115	429882	167767	262111	4
IS	116	441124	172836	268285	3
IS	117	450695	175664	275024	7
IS	118	450133	176985	273141	7
IS	119	435187	170100	265077	10
IS	120	422618	165842	256760	16
IS	121	417150	163557	253582	11
IS	122	404321	157788	246527	6
IS	123	401835	157830	244001	4
IS	124	404559	159420	245134	5
IS	125	418390	164611	253774	5
IS	126	432582	169828	262751	3
IS	127	439776	172456	267306	14
IS	128	448135	175528	272599	8
IS	129	442491	173572	268915	4
IS	130	430933	169943	260988	2
IS	131	432640	168830	263806	4
IS	132	422451	165010	257435	6
IS	133	404124	158389	245727	8
IS	134	399410	156957	242446	7
IS	135	406020	159825	246189	6
IS	136	420716	164401	256315	0
IS	137	432043	169873	262163	7
IS	138	456356	177532	278811	13
IS	139	452506	175687	276816	3
IS	140	443266	172007	271245	14
IS	141	431482	166903	264567	12
IS	142	9237	5601	3630	6
IS	143	6084	3928	2141	15
IS	144	413652	163005	250640	7
IS	145	418826	162475	256341	10
IS	146	425004	165687	259309	8
IS	147	437110	163047	274060	3
IS	148	447122	165341	281774	7
IS	149	457819	146968	310841	10
IS	150	482126	13192	468925	9
IS	151	506645	260027	246609	9
IS	152	520627	519969	649	9
IS	153	471663	471416	242	5
IS	154	436277	436069	201	7
IS	155	434790	434633	151	6
IS	156	442876	442742	121	13
IS	157	452232	452142	82	8
IS	158	467513	467411	91	11
IS	159	470256	470194	49	13
IS	160	475044	475016	19	9
IS	161	468126	468106	18	2
IS	162	466979	466944	21	14
IS	163	463822	463791	20	11
IS	164	461440	461412	12	16
IS	165	473019	472996	16	7
IS	166	475949	475933	12	4
IS	167	489311	489288	10	13
IS	168	499091	499074	10	7
IS	169	489154	489137	14	3
IS	170	480570	480550	9	11
IS	171	467537	467512	14	11
IS	172	457417	457387	12	18
IS	173	451820	451810	7	3
IS	174	456742	456714	18	10
IS	175	470660	470641	12	7
IS	176	480510	480496	6	8
IS	177	492499	492490	5	4
IS	178	489405	489386	12	7
IS	179	482061	482045	9	7
IS	180	473436	473405	13	18
IS	181	459699	459682	6	11
IS	182	451280	451259	8	13
IS	183	446725	446709	7	9
IS	184	436801	436782	10	9
IS	185	438853	438836	9	8
IS	186	445351	445335	9	7
IS	187	457802	457794	5	3
IS	188	465269	465250	6	13
IS	189	474978	474960	3	15
IS	190	460444	460417	14	13
IS	191	459536	459518	5	13
IS	192	451237	451221	6	10
IS	193	445902	445884	5	13
IS	194	438830	438812	5	13
IS	195	439788	439764	15	9
IS	196	442716	442694	10	12
IS	197	446279	446257	9	13
IS	198	446356	446341	8	7
IS	199	443027	443010	2	15
IS	200	441812	441790	9	13
IS	201	443400	443379	7	14
IS	202	445364	445344	6	14
IS	203	440186	440168	10	8
IS	204	440384	440374	2	8
IS	205	443748	443743	2	3
IS	206	446087	446071	5	11
IS	207	441924	441913	6	5
IS	208	438964	438957	1	6
IS	209	428447	428437	2	8
IS	210	431053	431036	12	5
IS	211	420964	420949	3	12
IS	212	413993	413977	5	11
IS	213	413851	413839	1	11
IS	214	410272	410257	5	10
IS	215	413704	413691	4	9
IS	216	415546	415539	1	6
IS	217	414849	414835	2	12
IS	218	411946	411930	6	10
IS	219	405805	405800	3	2
IS	220	401541	401526	6	9
IS	221	389543	389531	4	8
IS	222	386999	386979	7	13
IS	223	380569	380557	4	8
IS	224	376127	376115	4	8
IS	225	375635	375623	5	7
IS	226	374062	374053	4	5
IS	227	370211	370193	8	10
IS	228	367481	367468	7	6
IS	229	362339	362319	8	12
IS	230	359550	359537	5	8
IS	231	354338	354326	5	7
IS	232	347916	347901	7	8
IS	233	341975	341963	3	9
IS	234	340562	340546	3	13
IS	235	335094	335084	6	4
IS	236	328873	328866	5	2
IS	237	327152	327141	4	7
IS	238	321183	321177	4	2
IS	239	320763	320750	4	9
IS	240	317628	317619	5	4
IS	241	316883	316869	9	5
IS	242	308053	308041	7	5
IS	243	307301	307296	1	4
IS	244	300576	300565	8	3
IS	245	296843	296841	2	0
IS	246	294586	294570	4	12
IS	247	286531	286520	5	6
IS	248	285237	285230	2	5
IS	249	281801	281796	1	4
IS	250	281576	281567	2	7
IS	251	279424	279405	4	15
IS	252	277454	277454	0	0
IS	253	271902	271895	2	5
IS	254	267168	267158	4	6
IS	255	263818	263810	1	7
IS	256	261242	261235	3	4
IS	257	256681	256668	5	8
IS	258	252083	252074	7	2
IS	259	248533	248514	5	14
IS	260	246260	246255	1	4
IS	261	246512	246504	0	8
IS	262	244940	244929	6	5
IS	263	245531	245525	2	4
IS	264	242710	242703	3	4
IS	265	238445	238437	2	6
IS	266	234497	234485	6	6
IS	267	231927	231922	1	4
IS	268	226613	226603	7	3
IS	269	224891	224881	6	4
IS	270	224021	224011	2	8
IS	271	223765	223749	9	7
IS	272	221441	221436	1	4
IS	273	219143	219131	9	3
IS	274	215393	215384	4	5
IS	275	215154	215147	3	4
IS	276	214163	214159	1	3
IS	277	209757	209743	3	11
IS	278	208908	208899	5	4
IS	279	209410	209392	5	13
IS	280	205807	205799	3	5
IS	281	202944	202933	5	6
IS	282	200971	200966	4	1
IS	283	199884	199876	7	1
IS	284	197660	197654	1	5
IS	285	198169	198167	1	1
IS	286	196433	196420	6	7
IS	287	196933	196925	2	6
IS	288	193868	193859	3	6
IS	289	192883	192876	1	6
IS	290	188604	188599	2	3
IS	291	189682	189674	5	3
IS	292	186493	186486	5	2
IS	293	185815	185807	1	7
IS	294	186846	186841	1	4
IS	295	184250	184242	2	6
IS	296	184801	184795	2	4
IS	297	183005	182996	3	6
IS	298	184008	183999	3	6
IS	299	181845	181836	4	5
IS	300	181361	181360	1	0
IS	301	181977	181966	7	4
IS	302	178052	178042	2	8
IS	303	179020	179013	0	7
IS	304	176620	176611	6	3
IS	305	175942	175940	2	0
IS	306	175322	175319	2	1
IS	307	175176	175158	10	8
IS	308	175774	175756	12	6
IS	309	176580	176574	3	3
IS	310	177112	177106	3	3
IS	311	175731	175722	6	3
IS	312	173829	173825	2	2
IS	313	171635	171631	2	2
IS	314	170022	170016	6	0
IS	315	169356	169351	1	4
IS	316	169525	169519	3	3
IS	317	171030	171017	8	5
IS	318	170868	170859	2	7
IS	319	170858	170852	1	5
IS	320	171050	171046	2	2
IS	321	170559	170553	4	2
IS	322	171428	171422	1	5
IS	323	169389	169384	3	2
IS	324	168494	168483	4	7
IS	325	166361	166358	2	1
IS	326	167226	167217	2	7
IS	327	166949	166946	0	3
IS	328	167649	167639	2	8
IS	329	168067	168060	4	3
IS	330	168388	168385	0	3
IS	331	169421	169415	1	5
IS	332	170035	170029	1	5
IS	333	168737	168732	3	2
IS	334	166887	166877	2	8
IS	335	165401	165396	2	3
IS	336	164881	164872	5	4
IS	337	166777	166769	2	6
IS	338	167678	167667	4	7
IS	339	165601	165595	5	1
IS	340	166996	166984	4	8
IS	341	166424	166412	4	8
IS	342	169184	169173	5	6
IS	343	166874	166865	4	5
IS	344	164769	164761	2	6
IS	345	164893	164888	2	3
IS	346	165435	165430	2	3
IS	347	165062	165059	2	1
IS	348	164501	164492	2	7
IS	349	164633	164627	3	3
IS	350	164212	164210	2	0
IS	351	165068	165056	8	4
IS	352	164960	164954	1	5
IS	353	164451	164443	0	8
IS	354	164582	164574	1	7
IS	355	163751	163744	2	5
IS	356	162802	162797	2	3
IS	357	162608	162598	3	7
IS	358	162377	162371	4	2
IS	359	162912	162904	1	7
IS	360	162947	162943	2	2
IS	361	163122	163115	2	5
IS	362	162039	162037	0	2
IS	363	162206	162196	1	9
IS	364	159422	159416	1	5
IS	365	158928	158927	0	1
IS	366	158965	158964	1	0
IS	367	161422	161416	0	6
IS	368	162675	162668	4	3
IS	369	161546	161537	4	5
IS	370	159865	159860	3	2
IS	371	157855	157845	0	10
IS	372	157390	157385	3	2
IS	373	157033	157033	0	0
IS	374	155479	155477	1	1
IS	375	155834	155819	8	7
IS	376	153851	153847	0	4
IS	377	153836	153827	4	5
IS	378	154851	154842	0	9
IS	379	152933	152924	3	6
IS	380	151781	151775	1	5
IS	381	151814	151812	1	1
IS	382	152024	152016	1	7
IS	383	152675	152663	5	7
IS	384	150790	150785	1	4
IS	385	149314	149305	2	7
IS	386	147948	147937	4	7
IS	387	146724	146718	1	5
IS	388	146311	146305	0	6
IS	389	146772	146764	3	5
IS	390	147512	147510	2	0
IS	391	146461	146456	1	4
IS	392	146116	146114	0	2
IS	393	143014	143008	3	3
IS	394	142663	142654	5	4
IS	395	140409	140400	1	8
IS	396	139075	139067	3	5
IS	397	138384	138378	4	2
IS	398	137068	137059	3	6
IS	399	136449	136438	8	3
IS	400	136636	136627	4	5
IS	401	135509	135505	3	1
IS	402	134772	134766	2	4
IS	403	134035	134029	3	3
IS	404	132783	132775	2	6
IS	405	131944	131942	0	2
IS	406	129848	129846	1	1
IS	407	129295	129289	1	5
IS	408	127446	127442	2	2
IS	409	127428	127424	1	3
IS	410	126852	126848	3	1
IS	411	125343	125341	1	1
IS	412	123307	123298	2	7
IS	413	122899	122892	0	7
IS	414	121220	121212	3	5
IS	415	119877	119874	1	2
IS	416	118533	118530	3	0
IS	417	118578	118574	2	2
IS	418	116794	116785	2	7
IS	419	116436	116429	4	3
IS	420	113393	113387	3	3
IS	421	113384	113378	3	3
IS	422	113895	113887	4	4
IS	423	111946	111944	1	1
IS	424	110495	110488	2	5
IS	425	109754	109749	1	4
IS	426	107825	107820	3	2
IS	427	107762	107753	4	5
IS	428	105771	105769	0	2
IS	429	105410	105403	5	2
IS	430	103237	103230	1	6
IS	431	102271	102270	1	0
IS	432	101614	101602	4	8
IS	433	100176	100173	0	3
IS	434	99649	99645	1	3
IS	435	98704	98700	2	2
IS	436	98368	98358	6	4
IS	437	96371	96366	0	5
IS	438	95699	95694	3	2
IS	439	94673	94669	2	2
IS	440	93268	93266	0	2
IS	441	92622	92619	2	1
IS	442	91960	91954	1	5
IS	443	91902	91894	2	6
IS	444	89820	89816	1	3
IS	445	89023	89020	1	2
IS	446	87518	87512	2	4
IS	447	88473	88464	3	6
IS	448	86960	86960	0	0
IS	449	84419	84417	0	2
IS	450	83771	83766	2	3
IS	451	84227	84220	3	4
IS	452	84325	84320	5	0
IS	453	82573	82567	2	4
IS	454	81168	81160	1	7
IS	455	80447	80445	2	0
IS	456	80328	80322	5	1
IS	457	79047	79045	1	1
IS	458	78667	78663	0	4
IS	459	78691	78684	1	6
IS	460	76519	76514	2	3
IS	461	76453	76449	2	2
IS	462	75686	75680	4	2
IS	463	75249	75244	4	1
IS	464	74026	74022	1	3
IS	465	74092	74091	1	0
IS	466	73053	73047	2	4
IS	467	73366	73363	1	2
IS	468	73041	73037	2	2
IS	469	70563	70559	2	2
IS	470	70639	70631	5	3
IS	471	70395	70392	3	0
IS	472	70436	70428	1	7
IS	473	69125	69121	0	4
IS	474	68959	68957	1	1
IS	475	68650	68648	1	1
IS	476	68845	68837	4	4
IS	477	67909	67905	1	3
IS	478	67218	67210	4	4
IS	479	66505	66500	1	4
IS	480	66337	66333	1	3
IS	481	65740	65734	1	5
IS	482	64724	64723	1	0
IS	483	65008	64999	5	4
IS	484	64456	64452	2	2
IS	485	64708	64699	5	4
IS	486	64720	64715	2	3
IS	487	62755	62750	2	3
IS	488	62598	62592	1	5
IS	489	63087	63087	0	0
IS	490	61848	61837	2	9
IS	491	61902	61894	4	4
IS	492	61644	61642	0	2
IS	493	61694	61690	1	3
IS	494	61144	61137	3	4
IS	495	61351	61346	1	4
IS	496	60722	60718	2	2
IS	497	60389	60379	5	5
IS	498	59329	59327	0	2
IS	499	59351	59346	1	4
IS	500	58764	58754	4	6
IS	501	59863	59859	4	0
IS	502	58865	58860	1	4
IS	503	58268	58256	4	8
IS	504	57870	57867	1	2
IS	505	58111	58106	0	5
IS	506	57716	57710	3	3
IS	507	58114	58105	3	6
IS	508	58494	58493	1	0
IS	509	57963	57953	4	6
IS	510	58062	58056	2	4
IS	511	57223	57217	0	6
IS	512	57073	57069	2	2
IS	513	57724	57711	2	11
IS	514	56688	56674	9	5
IS	515	56677	56667	3	7
IS	516	56259	56255	2	2
IS	517	56627	56617	2	8
IS	518	55894	55887	2	5
IS	519	56320	56318	1	1
IS	520	55753	55742	2	9
IS	521	55247	55245	1	1
IS	522	54933	54924	0	9
IS	523	55386	55380	1	5
IS	524	54775	54765	7	3
IS	525	55484	55484	0	0
IS	526	55110	55108	1	1
IS	527	54829	54825	0	4
IS	528	54768	54762	2	4
IS	529	55066	55063	1	2
IS	530	54142	54139	3	0
IS	531	54491	54488	0	3
IS	532	54013	54010	2	1
IS	533	54305	54299	2	4
IS	534	54218	54205	7	6
IS	535	53402	53393	0	9
IS	536	53890	53877	5	8
IS	537	53634	53630	1	3
IS	538	53772	53766	4	2
IS	539	53184	53177	1	6
IS	540	53459	53457	2	0
IS	541	53281	53277	1	3
IS	542	52944	52941	1	2
IS	543	52815	52806	3	6
IS	544	52923	52918	2	3
IS	545	52060	52057	0	3
IS	546	52278	52278	0	0
IS	547	52517	52510	1	6
IS	548	51690	51688	0	2
IS	549	51836	51828	3	5
IS	550	51308	51301	1	6
IS	551	51449	51446	2	1
IS	552	51199	51198	1	0
IS	553	51198	51185	3	10
IS	554	50056	50048	0	8
IS	555	49766	49762	1	3
IS	556	50121	50115	1	5
IS	557	49637	49635	0	2
IS	558	49554	49551	1	2
IS	559	48938	48933	0	5
IS	560	49903	49883	1	19
IS	561	49225	49224	1	0
IS	562	48657	48651	2	4
IS	563	49290	49281	1	8
IS	564	48831	48821	3	7
IS	565	48502	48496	3	3
IS	566	47054	47045	4	5
IS	567	47336	47332	2	2
IS	568	47849	47844	1	4
IS	569	47210	47209	0	1
IS	570	47291	47281	3	7
IS	571	46668	46659	2	7
IS	572	45895	45886	4	5
IS	573	46392	46386	2	4
IS	574	45537	45532	1	4
IS	575	45385	45380	2	3
IS	576	45340	45335	0	5
IS	577	44528	44519	3	6
IS	578	44184	44179	0	5
IS	579	43959	43953	2	4
IS	580	43298	43292	4	2
IS	581	43230	43225	4	1
IS	582	43066	43061	0	5
IS	583	42401	42396	4	1
IS	584	42313	42312	0	1
IS	585	41839	41835	4	0
IS	586	41765	41758	4	3
IS	587	41311	41307	1	3
IS	588	41396	41390	4	2
IS	589	40164	40158	6	0
IS	590	39865	39856	3	6
IS	591	40266	40259	2	5
IS	592	39341	39339	0	2
IS	593	39130	39127	2	1
IS	594	38926	38923	2	1
IS	595	38880	38875	1	4
IS	596	38206	38201	1	4
IS	597	37939	37928	1	10
IS	598	37462	37460	0	2
IS	599	37238	37230	4	4
IS	600	35974	35969	2	3
IS	601	36146	36142	0	4
IS	602	36070	36061	3	6
IS	603	35430	35426	1	3
IS	604	35218	35211	5	2
IS	605	34309	34302	3	4
IS	606	34448	34440	3	5
IS	607	34251	34245	2	4
IS	608	33793	33790	1	2
IS	609	32947	32944	2	1
IS	610	32766	32761	0	5
IS	611	32547	32542	2	3
IS	612	32186	32172	6	8
IS	613	31877	31865	0	12
IS	614	31236	31234	0	2
IS	615	30631	30623	0	8
IS	616	30394	30390	1	3
IS	617	29568	29566	1	1
IS	618	29233	29226	5	2
IS	619	29586	29583	2	1
IS	620	29008	29003	1	4
IS	621	28530	28520	1	9
IS	622	28645	28635	2	8
IS	623	27733	27729	4	0
IS	624	27534	27533	1	0
IS	625	27315	27311	2	2
IS	626	26702	26697	0	5
IS	627	26504	26498	0	6
IS	628	26412	26399	3	10
IS	629	25902	25897	1	4
IS	630	25891	25882	1	8
IS	631	24907	24901	1	5
IS	632	24837	24828	0	9
IS	633	24555	24547	5	3
IS	634	24120	24110	1	9
IS	635	24572	24566	5	1
IS	636	23703	23697	0	6
IS	637	23543	23538	1	4
IS	638	23102	23095	1	6
IS	639	23000	22994	1	5
IS	640	22983	22982	0	1
IS	641	22115	22105	4	6
IS	642	22241	22238	1	2
IS	643	21356	21354	0	2
IS	644	21312	21303	1	8
IS	645	21169	21164	1	4
IS	646	20676	20670	3	3
IS	647	20711	20702	1	8
IS	648	20455	20453	0	2
IS	649	20011	20009	0	2
IS	650	19673	19670	2	1
IS	651	20019	20008	3	8
IS	652	19909	19906	0	3
IS	653	19293	19280	1	12
IS	654	18928	18915	1	12
IS	655	18628	18620	4	4
IS	656	18528	18525	0	3
IS	657	18596	18591	0	5
IS	658	18066	18056	4	6
IS	659	17918	17916	0	2
IS	660	17300	17291	0	9
IS	661	17604	17595	2	7
IS	662	17364	17358	3	3
IS	663	17134	17130	1	3
IS	664	16883	16874	1	8
IS	665	16929	16918	2	9
IS	666	16711	16709	0	2
IS	667	16251	16245	2	4
IS	668	16116	16107	1	8
IS	669	16142	16129	0	13
IS	670	15705	15696	1	8
IS	671	15264	15256	4	4
IS	672	15168	15148	6	14
IS	673	15173	15163	3	7
IS	674	15191	15183	0	8
IS	675	15295	15282	2	11
IS	676	14917	14912	3	2
IS	677	14529	14519	3	7
IS	678	14654	14649	5	0
IS	679	14437	14433	3	1
IS	680	14632	14621	2	9
IS	681	13938	13925	1	12
IS	682	14215	14209	0	6
IS	683	13865	13858	1	6
IS	684	13673	13670	0	3
IS	685	13365	13357	1	7
IS	686	13650	13646	0	4
IS	687	13408	13400	2	6
IS	688	13400	13394	1	5
IS	689	13086	13084	1	1
IS	690	12959	12958	0	1
IS	691	13179	13173	3	3
IS	692	12845	12841	0	4
IS	693	12805	12796	1	8
IS	694	12401	12390	3	8
IS	695	12372	12365	4	3
IS	696	12206	12201	0	5
IS	697	12426	12421	3	2
IS	698	11921	11916	0	5
IS	699	12048	12042	1	5
IS	700	12077	12064	0	13
IS	701	11981	11973	2	6
IS	702	11807	11802	3	2
IS	703	11666	11664	2	0
IS	704	11515	11513	0	2
IS	705	11508	11498	1	9
IS	706	11214	11202	0	12
IS	707	11093	11084	2	7
IS	708	11014	11009	1	4
IS	709	10989	10982	2	5
IS	710	10729	10728	0	1
IS	711	11184	11176	2	6
IS	712	10654	10643	1	10
IS	713	10799	10796	2	1
IS	714	10561	10557	0	4
IS	715	10612	10598	2	12
IS	716	10517	10508	0	9
IS	717	10378	10371	1	6
IS	718	10398	10397	0	1
IS	719	10113	10107	2	4
IS	720	10042	10036	4	2
IS	721	10206	10196	3	7
IS	722	10095	10083	2	10
IS	723	9686	9678	0	8
IS	724	9608	9606	0	2
IS	725	9768	9762	2	4
IS	726	9798	9789	4	5
IS	727	9626	9615	2	9
IS	728	9478	9476	0	2
IS	729	9423	9413	1	9
IS	730	9131	9124	3	4
IS	731	9142	9135	3	4
IS	732	9329	9323	0	6
IS	733	9072	9066	2	4
IS	734	9059	9052	2	5
IS	735	8709	8698	0	11
IS	736	8747	8735	2	10
IS	737	8346	8338	2	6
IS	738	8471	8464	4	3
IS	739	8606	8596	5	5
IS	740	8539	8529	3	7
IS	741	8350	8340	2	8
IS	742	8228	8214	5	9
IS	743	8177	8170	1	6
IS	744	8044	8037	2	5
IS	745	8084	8079	0	5
IS	746	7795	7787	3	5
IS	747	7664	7658	2	4
IS	748	7580	7574	0	6
IS	749	7803	7797	2	4
IS	750	7589	7581	0	8
IS	751	7437	7433	3	1
IS	752	7414	7405	1	8
IS	753	7430	7422	2	6
IS	754	7418	7413	1	4
IS	755	7123	7118	0	5
IS	756	7067	7060	1	6
IS	757	6857	6853	0	4
IS	758	7046	7030	0	16
IS	759	6835	6825	2	8
IS	760	6707	6705	0	2
IS	761	6718	6713	1	4
IS	762	6444	6439	0	5
IS	763	6038	6032	1	5
IS	764	6270	6258	6	6
IS	765	6224	6207	3	14
IS	766	6186	6168	6	12
IS	767	6090	6083	1	6
IS	768	6082	6077	0	5
IS	769	5951	5948	0	3
IS	770	5752	5750	2	0
IS	771	5621	5615	2	4
IS	772	5593	5586	2	5
IS	773	5633	5630	1	2
IS	774	5580	5573	4	3
IS	775	5301	5290	0	11
IS	776	5252	5246	0	6
IS	777	5152	5134	3	15
IS	778	5127	5125	0	2
IS	779	5007	4997	1	9
IS	780	4997	4984	1	12
IS	781	4915	4913	2	0
IS	782	4790	4782	1	7
IS	783	4916	4908	0	8
IS	784	4609	4604	1	4
IS	785	4563	4560	1	2
IS	786	4363	4357	2	4
IS	787	4465	4458	2	5
IS	788	4447	4439	2	6
IS	789	4333	4329	1	3
IS	790	4250	4239	3	8
IS	791	4107	4104	0	3
IS	792	4078	4069	1	8
IS	793	4059	4053	1	5
# Read lengths. Use `grep ^RL | cut -f 2-` to extract this part. The columns are: read length, count
RL	30	46250
RL	31	45043
RL	32	44766
RL	33	45461
RL	34	46411
RL	35	47996
RL	36	47648
RL	37	47984
RL	38	48578
RL	39	48218
RL	40	47339
RL	41	45546
RL	42	45557
RL	43	44249
RL	44	42761
RL	45	42568
RL	46	43796
RL	47	42195
RL	48	43277
RL	49	47248
RL	50	47868
RL	51	50105
RL	52	48978
RL	53	49087
RL	54	46849
RL	55	49220
RL	56	46968
RL	57	45944
RL	58	47586
RL	59	46093
RL	60	45148
RL	61	45395
RL	62	46569
RL	63	43926
RL	64	44916
RL	65	45433
RL	66	45620
RL	67	45118
RL	68	46313
RL	69	45915
RL	70	46415
RL	71	45608
RL	72	45790
RL	73	45473
RL	74	45458
RL	75	46698
RL	76	49031
RL	77	51202
RL	78	54583
RL	79	61227
RL	80	72390
RL	81	88955
RL	82	104312
RL	83	136880
RL	84	190103
RL	85	237258
RL	86	307368
RL	87	389995
RL	88	456579
RL	89	521868
RL	90	577954
RL	91	628295
RL	92	648958
RL	93	674374
RL	94	690822
RL	95	668315
RL	96	660569
RL	97	650802
RL	98	626989
RL	99	624077
RL	100	624757
RL	101	641051
RL	102	649320
RL	103	659367
RL	104	668901
RL	105	660676
RL	106	640505
RL	107	642545
RL	108	638587
RL	109	616655
RL	110	609489
RL	111	615509
RL	112	630347
RL	113	661585
RL	114	664438
RL	115	653280
RL	116	638696
RL	117	621575
RL	118	613260
RL	119	597372
RL	120	585676
RL	121	573692
RL	122	569886
RL	123	582201
RL	124	581718
RL	125	582074
RL	126	572862
RL	127	560701
RL	128	539781
RL	129	526621
RL	130	516619
RL	131	505426
RL	132	512406
RL	133	511272
RL	134	521957
RL	135	526849
RL	136	519958
RL	137	513933
RL	138	499419
RL	139	490161
RL	140	486171
RL	141	480368
RL	142	474498
RL	143	472445
RL	144	474388
RL	145	485097
RL	146	479101
RL	147	482648
RL	148	484434
RL	149	1034731
RL	150	5396379
RL	151	253594675
# Read lengths - first fragments. Use `grep ^FRL | cut -f 2-` to extract this part. The columns are: read length, count
FRL	30	12723
FRL	31	12887
FRL	32	13117
FRL	33	13225
FRL	34	12746
FRL	35	14418
FRL	36	14003
FRL	37	14189
FRL	38	14960
FRL	39	14522
FRL	40	14685
FRL	41	14787
FRL	42	15104
FRL	43	14578
FRL	44	14090
FRL	45	14335
FRL	46	16269
FRL	47	15523
FRL	48	16270
FRL	49	19345
FRL	50	19213
FRL	51	20163
FRL	52	19080
FRL	53	19755
FRL	54	17461
FRL	55	20688
FRL	56	19343
FRL	57	18284
FRL	58	19909
FRL	59	18573
FRL	60	18732
FRL	61	19013
FRL	62	19544
FRL	63	17786
FRL	64	18793
FRL	65	18468
FRL	66	18982
FRL	67	18044
FRL	68	19172
FRL	69	18319
FRL	70	18249
FRL	71	17739
FRL	72	17838
FRL	73	17023
FRL	74	17532
FRL	75	18874
FRL	76	21831
FRL	77	23818
FRL	78	27561
FRL	79	35193
FRL	80	46844
FRL	81	62762
FRL	82	78373
FRL	83	110958
FRL	84	164023
FRL	85	210591
FRL	86	280529
FRL	87	363273
FRL	88	429317
FRL	89	494577
FRL	90	550936
FRL	91	601558
FRL	92	621844
FRL	93	646676
FRL	94	662708
FRL	95	639662
FRL	96	631602
FRL	97	621191
FRL	98	597298
FRL	99	594209
FRL	100	594022
FRL	101	610222
FRL	102	618506
FRL	103	628038
FRL	104	637364
FRL	105	628440
FRL	106	608041
FRL	107	609305
FRL	108	603813
FRL	109	579948
FRL	110	571470
FRL	111	575282
FRL	112	588694
FRL	113	618217
FRL	114	618765
FRL	115	607612
FRL	116	592293
FRL	117	574411
FRL	118	567129
FRL	119	552635
FRL	120	541102
FRL	121	529849
FRL	122	526374
FRL	123	538217
FRL	124	537533
FRL	125	538386
FRL	126	529162
FRL	127	518231
FRL	128	498310
FRL	129	485377
FRL	130	477065
FRL	131	467110
FRL	132	474093
FRL	133	473710
FRL	134	483994
FRL	135	489161
FRL	136	483147
FRL	137	477547
FRL	138	463500
FRL	139	454442
FRL	140	451163
FRL	141	445548
FRL	142	440715
FRL	143	438333
FRL	144	441086
FRL	145	451179
FRL	146	445401
FRL	147	449476
FRL	148	443579
FRL	149	891512
FRL	150	3462265
FRL	151	109963715
# Read lengths - last fragments. Use `grep ^LRL | cut -f 2-` to extract this part. The columns are: read length, count
LRL	30	33527
LRL	31	32156
LRL	32	31649
LRL	33	32236
LRL	34	33665
LRL	35	33578
LRL	36	33645
LRL	37	33795
LRL	38	33618
LRL	39	33696
LRL	40	32654
LRL	41	30759
LRL	42	30453
LRL	43	29671
LRL	44	28671
LRL	45	28233
LRL	46	27527
LRL	47	26672
LRL	48	27007
LRL	49	27903
LRL	50	28655
LRL	51	29942
LRL	52	29898
LRL	53	29332
LRL	54	29388
LRL	55	28532
LRL	56	27625
LRL	57	27660
LRL	58	27677
LRL	59	27520
LRL	60	26416
LRL	61	26382
LRL	62	27025
LRL	63	26140
LRL	64	26123
LRL	65	26965
LRL	66	26638
LRL	67	27074
LRL	68	27141
LRL	69	27596
LRL	70	28166
LRL	71	27869
LRL	72	27952
LRL	73	28450
LRL	74	27926
LRL	75	27824
LRL	76	27200
LRL	77	27384
LRL	78	27022
LRL	79	26034
LRL	80	25546
LRL	81	26193
LRL	82	25939
LRL	83	25922
LRL	84	26080
LRL	85	26667
LRL	86	26839
LRL	87	26722
LRL	88	27262
LRL	89	27291
LRL	90	27018
LRL	91	26737
LRL	92	27114
LRL	93	27698
LRL	94	28114
LRL	95	28653
LRL	96	28967
LRL	97	29611
LRL	98	29691
LRL	99	29868
LRL	100	30735
LRL	101	30829
LRL	102	30814
LRL	103	31329
LRL	104	31537
LRL	105	32236
LRL	106	32464
LRL	107	33240
LRL	108	34774
LRL	109	36707
LRL	110	38019
LRL	111	40227
LRL	112	41653
LRL	113	43368
LRL	114	45673
LRL	115	45668
LRL	116	46403
LRL	117	47164
LRL	118	46131
LRL	119	44737
LRL	120	44574
LRL	121	43843
LRL	122	43512
LRL	123	43984
LRL	124	44185
LRL	125	43688
LRL	126	43700
LRL	127	42470
LRL	128	41471
LRL	129	41244
LRL	130	39554
LRL	131	38316
LRL	132	38313
LRL	133	37562
LRL	134	37963
LRL	135	37688
LRL	136	36811
LRL	137	36386
LRL	138	35919
LRL	139	35719
LRL	140	35008
LRL	141	34820
LRL	142	33783
LRL	143	34112
LRL	144	33302
LRL	145	33918
LRL	146	33700
LRL	147	33172
LRL	148	40855
LRL	149	143219
LRL	150	1934114
LRL	151	143630960
# Mapping qualities for reads !(UNMAP|SECOND|SUPPL|QCFAIL|DUP). Use `grep ^MAPQ | cut -f 2-` to extract this part. The columns are: mapq, count
MAPQ	0	89480894
MAPQ	1	263150
MAPQ	2	150198
MAPQ	3	318061
MAPQ	4	168204
MAPQ	5	162176
MAPQ	6	317025
MAPQ	7	356116
MAPQ	8	220468
MAPQ	9	487690
MAPQ	10	211889
MAPQ	11	238743
MAPQ	12	294906
MAPQ	13	400257
MAPQ	14	374249
MAPQ	15	500669
MAPQ	16	411088
MAPQ	17	449186
MAPQ	18	424490
MAPQ	19	552346
MAPQ	20	580272
MAPQ	21	512953
MAPQ	22	733584
MAPQ	23	507955
MAPQ	24	751602
MAPQ	25	1172674
MAPQ	26	102952
MAPQ	27	2064956
MAPQ	28	152543
MAPQ	29	111467
MAPQ	30	194500
MAPQ	31	228644
MAPQ	32	148566
MAPQ	33	342623
MAPQ	34	151772
MAPQ	35	220893
MAPQ	36	174106
MAPQ	37	252768
MAPQ	38	177392
MAPQ	39	410768
MAPQ	40	8970949
MAPQ	41	939426
MAPQ	42	699755
MAPQ	43	1338611
MAPQ	44	1120290
MAPQ	45	1708247
MAPQ	46	2541433
MAPQ	47	992134
MAPQ	48	5382857
MAPQ	49	1128958
MAPQ	50	1184923
MAPQ	51	750365
MAPQ	52	996106
MAPQ	53	514601
MAPQ	54	574535
MAPQ	55	271811
MAPQ	56	146598
MAPQ	57	946264
MAPQ	58	165435
MAPQ	59	594922
MAPQ	60	160741616
# Indel distribution. Use `grep ^ID | cut -f 2-` to extract this part. The columns are: length, number of insertions, number of deletions
ID	1	382008	446354
ID	2	50792	62151
ID	3	21326	30195
ID	4	36651	32013
ID	5	61181	22178
ID	6	11909	11891
ID	7	929	22138
ID	8	4845	25756
ID	9	648	4569
ID	10	2692	8135
ID	11	113	528
ID	12	405	1048
ID	13	137	459
ID	14	21817	454
ID	15	116	468
ID	16	42	265
ID	17	29	239
ID	18	87	269
ID	19	38	384
ID	20	499	434
ID	21	1128	346
ID	22	7	180
ID	23	3	116
ID	24	8	175
ID	25	6	200
ID	26	12303	146
ID	27	5	144
ID	28	13	122
ID	29	0	106
ID	30	59	131
ID	31	0	108
ID	32	8	105
ID	33	0	103
ID	34	0	82
ID	35	2	96
ID	36	0	94
ID	37	0	48
ID	38	0	85
ID	39	0	57
ID	40	0	97
ID	41	0	73
ID	42	0	88
ID	43	0	60
ID	44	0	54
ID	45	0	54
ID	46	0	39
ID	47	0	51
ID	48	0	20
ID	49	0	47
ID	50	0	51
ID	51	0	45
ID	52	0	22
ID	53	0	19
ID	54	0	17
ID	55	0	15
ID	56	0	15
ID	57	0	19
ID	58	0	29
ID	59	0	10
ID	60	0	15
ID	61	0	10
ID	62	0	8
ID	63	0	6
ID	64	0	2
ID	65	0	3
ID	66	0	1
ID	67	0	4
ID	69	0	7
ID	70	0	3
# Indels per cycle. Use `grep ^IC | cut -f 2-` to extract this part. The columns are: cycle, number of insertions (fwd), .. (rev) , number of deletions (fwd), .. (rev)
IC	1	0	0	0	1
IC	2	1	0	1	0
IC	3	0	0	3570	3600
IC	4	1192	1137	1547	1554
IC	5	1366	1179	1441	1409
IC	6	956	904	2869	2795
IC	7	932	897	1127	1124
IC	8	1011	1123	1737	1588
IC	9	1380	1409	1399	1283
IC	10	1446	1338	1614	1610
IC	11	1311	1268	1864	1825
IC	12	1332	1295	1868	1762
IC	13	1537	1482	1919	1838
IC	14	1814	1806	2267	2193
IC	15	2105	2069	2059	2032
IC	16	1756	1730	2112	1994
IC	17	1782	1863	2254	2164
IC	18	2395	2305	2370	2292
IC	19	2046	1956	2523	2296
IC	20	2814	2754	2937	2872
IC	21	2121	2126	2103	1994
IC	22	1999	1946	3075	2926
IC	23	2883	2961	2692	2404
IC	24	2117	2221	2558	2416
IC	25	2535	2491	2634	2407
IC	26	2077	1976	2842	2782
IC	27	2709	2878	2529	2383
IC	28	2780	2768	2977	2754
IC	29	2718	2853	3533	3308
IC	30	2985	2878	2817	2687
IC	31	2161	2249	2718	2724
IC	32	2534	2436	2948	3020
IC	33	2393	2323	2603	2635
IC	34	2306	2372	3316	3180
IC	35	3473	3336	2232	2121
IC	36	2277	2245	3137	3003
IC	37	2691	2748	2462	2372
IC	38	2053	1966	3585	3632
IC	39	2692	2675	2584	2329
IC	40	3198	3000	2385	2305
IC	41	2914	2901	2836	2807
IC	42	2903	2924	2627	2403
IC	43	3026	2928	2791	2502
IC	44	2491	2569	2772	2788
IC	45	2813	2785	2551	2489
IC	46	2318	2259	2705	2529
IC	47	2601	2482	2845	2700
IC	48	2869	2816	2761	2501
IC	49	2788	2653	3385	3268
IC	50	2740	2713	2463	2232
IC	51	2921	2868	2602	2721
IC	52	2239	2322	2949	2726
IC	53	2741	2702	2651	2502
IC	54	2055	1940	2641	2484
IC	55	2371	2191	3100	2968
IC	56	2330	2295	2275	2320
IC	57	2178	2182	2644	2568
IC	58	3028	3025	2399	2205
IC	59	2152	2155	2880	2738
IC	60	2107	2172	3198	2971
IC	61	2175	2355	2846	2726
IC	62	2172	2179	2994	2977
IC	63	2410	2252	2512	2590
IC	64	2352	2389	2570	2493
IC	65	2042	1951	2469	2469
IC	66	2484	2398	2419	2224
IC	67	1643	1624	2499	2399
IC	68	2062	2080	2146	1928
IC	69	2220	2235	3042	2987
IC	70	2200	2258	2489	2300
IC	71	2719	3063	3573	3657
IC	72	1952	1813	2486	2327
IC	73	2281	2343	2436	2359
IC	74	1887	1957	2838	2647
IC	75	2502	2392	2267	2144
IC	76	2756	2718	2242	2169
IC	77	2281	2327	2767	2671
IC	78	1968	2051	2350	2221
IC	79	1982	1896	2410	2377
IC	80	1827	1802	2322	2306
IC	81	2880	2731	2397	2373
IC	82	2163	2279	2932	2604
IC	83	1826	1697	2448	2201
IC	84	1775	1736	2077	2140
IC	85	1758	1779	2020	2041
IC	86	2350	2311	1858	1872
IC	87	1997	1966	2481	2340
IC	88	1824	1726	2363	2273
IC	89	2058	1999	2052	2060
IC	90	2029	2013	2223	2265
IC	91	2368	2265	2351	2152
IC	92	2414	2243	2705	2561
IC	93	1899	1798	2013	1884
IC	94	1802	1797	2441	2251
IC	95	1583	1577	2022	2116
IC	96	1952	2004	2427	2239
IC	97	1806	1704	2499	2331
IC	98	1765	1688	1966	1941
IC	99	1511	1362	2147	2040
IC	100	1552	1541	1932	1891
IC	101	1569	1533	1970	1749
IC	102	1764	1712	1896	1788
IC	103	1992	1977	1919	1803
IC	104	2062	1996	2414	2377
IC	105	1579	1641	1878	1774
IC	106	1458	1502	2043	2003
IC	107	1530	1606	1984	1941
IC	108	1422	1526	2024	2037
IC	109	1662	1637	2066	1842
IC	110	1810	1975	2051	1939
IC	111	1437	1401	1929	1808
IC	112	1791	1901	1837	1870
IC	113	1670	1701	1914	1999
IC	114	1823	1803	1924	2028
IC	115	1703	1764	1988	1905
IC	116	1566	1552	1895	1962
IC	117	1443	1407	1926	1870
IC	118	1234	1319	1956	1863
IC	119	1638	1639	2155	2023
IC	120	1462	1507	1881	1789
IC	121	1787	1546	2277	2148
IC	122	1594	1502	1919	1913
IC	123	1543	1544	2063	2003
IC	124	1770	1674	1818	1759
IC	125	1262	1357	1924	1986
IC	126	1804	1743	1830	1787
IC	127	1785	1830	2723	2417
IC	128	1032	913	1993	1955
IC	129	1250	1227	2085	1855
IC	130	1560	1492	1945	1900
IC	131	1358	1516	2107	2022
IC	132	1697	1746	2084	1926
IC	133	1576	1513	1408	1325
IC	134	1334	1281	1569	1554
IC	135	1529	1462	1590	1448
IC	136	1214	1104	1582	1617
IC	137	1449	1547	2357	2160
IC	138	985	1039	1337	1278
IC	139	1179	1142	1478	1430
IC	140	979	1038	1360	1354
IC	141	696	773	1164	1186
IC	142	954	1097	1192	1126
IC	143	849	797	988	996
IC	144	678	754	1187	1192
IC	145	1870	1825	1454	1391
IC	146	3091	3276	2412	2421
IC	147	7018	7099	4082	4080
IC	148	16779	16799	8145	8037
IC	150	0	0	0	1
# Coverage distribution. Use `grep ^COV | cut -f 2-` to extract this part.
COV	[1-1]	1	469
COV	[2-2]	2	372
# GC-depth. Use `grep ^GCD | cut -f 2-` to extract this part. The columns are: GC%, unique sequence percentiles, 10th, 25th, 50th, 75th and 90th depth percentile
GCD	0.0	25.000	0.000	0.000	0.000	0.000	0.000
GCD	0.4	37.500	0.007	0.007	0.007	0.007	0.007
GCD	46.0	50.000	0.015	0.015	0.015	0.015	0.015
GCD	52.0	62.500	0.015	0.015	0.015	0.015	0.015
GCD	53.0	75.000	0.015	0.015	0.015	0.015	0.015
GCD	58.0	87.500	0.007	0.007	0.007	0.007	0.007
GCD	61.0	100.000	0.015	0.015	0.015	0.015	0.015
